chr	start	end	len
chr11	6598220	6598268	49
chr11	31802743	31802829	87
chr11	65855088	65855186	99
chrX	37839369	37839438	70
chrX	74079855	74079908	54
chrX	153725842	153725906	65
chr15	79004297	79004468	172
chr15	82372300	82372389	90
chr15	101708801	101708875	75
chr16	24721992	24722084	93
chr2	25231566	25231667	102
chr2	75661818	75661855	38
chr2	121337773	121337821	49
chr9	27328707	27328777	71
chr9	110171068	110171132	65
chr9	114597664	114597794	131
chr9	121784883	121785051	169
chr9	124353430	124353467	38
chr3	126597505	126597547	43
chr3	129280366	129280422	57
chr6	117907209	117907476	268
chr6	130052896	130052964	69
chr1	36428247	36428299	53
chr1	52464589	52464784	196
chr1	182887532	182887586	55
chr4	109710859	109710924	66
chr4	137521493	137521575	83
chr7	44104500	44104621	122
chr7	79459638	79459688	51
chr7	141655248	141655308	61
chr7	141841401	141841509	109
chr12	55410283	55410331	49
chr12	56591167	56591224	58
chr5	72203564	72203625	62
chr5	136988472	136988544	73
chr13	94448516	94448591	76
chr8	23087105	23087184	80
chr17	32929073	32929137	65
chr17	35011899	35011965	67
chr17	35844571	35844678	108
chr17	35844571	35844747	177
chr17	35844571	35844906	336
chr17	35844571	35844771	201
chr19	3575559	3575640	82
chr19	5667112	5667148	37
chr19	10863150	10863222	73
chr19	55090921	55091135	215
chr14	20721660	20721721	62
chr14	54962962	54963020	59
chr14	75036212	75036254	43
chr14	103685819	103685862	44
chr12	89348450	89348567	118
chr15	44522729	44523028	300
chr7	19698339	19698403	65
chr7	43952852	43952895	44
chr7	80743715	80743792	78
chr7	130519295	130519355	61
chr7	130536912	130536982	71
chr7	141804415	141804609	195
chr14	24138154	24138236	83
chr19	4430575	4432054	1480
chr19	17585008	17586009	1002
chr19	44132945	44132999	55
chr19	57702177	57702344	168
chr1	20356706	20356793	88
chr1	39368256	39368299	44
chr1	160997741	160997822	82
chr1	182887532	182887671	140
chr6	47574225	47576562	2338
chr6	97156777	97156843	67
chr18	80137452	80137483	32
chr16	15700738	15700928	191
chr16	15700738	15700936	199
chr9	124353430	124353466	37
chr5	73555464	73555579	116
chr5	140689911	140689955	45
chr3	69027899	69027991	93
chr3	69027899	69027954	56
chr3	101576807	101576918	112
chr11	57189838	57189969	132
chr11	69651724	69651779	56
chr11	69651724	69651769	46
chr11	99022766	99022839	74
chr4	137521493	137521578	86
chr4	145128178	145128244	67
chr10	7807383	7807456	74
chr10	42318502	42318591	90
chr13	49432466	49432545	80
chr2	3497944	3498021	78
chr2	11755568	11755640	73
chr2	121337774	121337821	48
chr2	154857534	154857775	242
chr17	8388917	8388987	71
chr17	78842230	78842272	43
chr17	78972339	78972402	64
chr17	47650024	47650091	68
chr7	19698324	19698403	80
chr7	19698340	19698403	64
chr7	19698338	19698403	66
chr6	43523828	43523883	56
chr9	121766583	121766696	114
chr18	32412476	32412586	111
chr1	185297374	185297472	99
chr15	74544346	74544407	62
chr15	74955336	74955933	598
chr3	88058088	88058129	42
chr12	56734164	56738469	4306
chr2	130359905	130359955	51
chr2	135741888	135754193	12306
chr2	32947730	32947790	61
chr2	121337771	121337821	51
chrX	103609158	103609303	146
chr14	103571716	103571817	102
chr3	101594136	101594202	67
chr16	21976173	21976232	60
chr18	31962607	31962665	59
chr7	44468160	44468282	123
chr7	100498273	100498335	63
chr7	144452408	144452547	140
chr12	31282760	31282821	62
chr8	94488652	94488704	53
chr4	40164778	40164861	84
chr15	83137887	83138131	245
chr1	40465782	40465848	67
chr1	45331205	45331318	114
chr1	151796908	151797009	102
chr17	32225487	32225575	89
chr19	7682618	7682758	141
chr19	37315328	37315404	77
chr19	43966118	43966174	57
chr19	44069602	44069690	89
chr19	53383472	53383556	85
chr19	53943143	53943465	323
chr19	56377945	56378054	110
chr11	6398340	6398539	200
chr11	6403365	6403513	149
chr11	70435573	70435692	120
chr11	118482032	118482089	58
chr6	83151077	83151169	93
chr6	130052878	130052964	87
chr17	7932246	7932412	167
chr18	12413858	12414441	584
chr11	65021821	65021940	120
chr11	65855082	65855186	105
chrX	102127137	102127191	55
chr1	150694764	150694836	73
chr1	160997741	160997860	120
chr1	173865345	173865398	54
chr5	150449600	150449643	44
chr13	55412373	55412445	73
chr15	68184206	68184420	215
chr7	4759133	4759213	81
chr7	5067648	5067718	71
chr7	24710222	24710359	138
chr7	102465814	102465891	78
chr12	69258628	69258768	141
chr12	69817967	69818021	55
chr11	65021835	65021940	106
chr11	67283866	67284240	375
chr11	69652308	69652367	60
chr11	75571881	75572038	158
chr11	116863947	116864047	101
chr2	26940046	26940127	82
chr17	28859072	28860544	1473
chr1	39333952	39334050	99
chr1	75521850	75521927	78
chr1	193181215	193181305	91
chr3	122924657	122924715	59
chr5	116189439	116190059	621
chrX	150987795	150987838	44
chr19	12613562	12614245	684
chr5	34907247	34907297	51
chr13	73691582	73691680	99
chr11	6403365	6403515	151
chr11	65855072	65855186	115
chr11	65855070	65855186	117
chr11	102398463	102398573	111
chr2	167646910	167646967	58
chr2	173112139	173112243	105
chr12	55716123	55716961	839
chr6	47920750	47925274	4525
chr1	156669209	156669370	162
chr17	7236128	7236167	40
chr17	35844571	35844792	222
chr17	46704782	46704832	51
chr14	74736035	74737220	1186
chr2	26391967	26392036	70
chr12	8790867	8790917	51
chr5	112715381	112715518	138
chr15	44528328	44528460	133
chr15	74544346	74544477	132
chr9	95476032	95476106	75
chr7	19698344	19698403	60
chr1	160997741	160997824	84
chr10	42318486	42318591	106
chr19	4394368	4394791	424
chr19	56377943	56378054	112
chr19	58300167	58300241	75
chr13	19675539	19675639	101
chr3	69027899	69028294	396
chr3	88058087	88058129	43
chr3	88100717	88100968	252
chr7	99479734	99479875	142
chr12	56734145	56738469	4325
chr1	156673457	156673529	73
chr15	44526880	44526969	90
chr15	70048366	70048479	114
chrX	48482641	48482721	81
chr4	139388466	139388534	69
chr4	145138484	145138563	80
chr11	3358897	3358994	98
chr11	59202660	59202769	110
chr11	61799767	61799901	135
chr11	61799804	61799901	98
chr11	65855039	65855186	148
chr11	65855085	65855186	102
chr11	78494607	78496988	2382
chr16	15700738	15700935	198
chr14	21092442	21093079	638
chr8	22565699	22565826	128
chr9	95942737	95942855	119
chr9	106861053	106861463	411
chr2	165682883	165683136	254
chr8	22090296	22090479	184
chr8	23135835	23135992	158
chr8	24914268	24914318	51
chr11	70435573	70435725	153
chr9	121766583	121766673	91
chr19	4838996	4839196	201
chr19	6374609	6374670	62
chr2	73573200	73573259	60
chr7	19698345	19698403	59
chr7	19698342	19698403	62
chr7	44112748	44113024	277
chr7	100430827	100431043	217
chr7	141088402	141088453	52
chr6	117907209	117907429	221
chr6	125031023	125032637	1615
chr6	126644174	126644255	82
chr17	35844571	35844726	156
chr17	35844571	35844936	366
chr4	139061936	139062073	138
chr16	15700738	15700944	207
chr16	18784745	18784805	61
chr16	21504488	21506001	1514
chr12	55716130	55716961	832
chr12	75938802	75939597	796
chr12	79295381	79295476	96
chr14	33068643	33068823	181
chr16	21976170	21976232	63
chr4	103149206	103149295	90
chr4	139410530	139410587	58
chr4	150611017	150611096	80
chr9	97482881	97482938	58
chr9	119321934	119322004	71
chr9	124353430	124353464	35
chr6	38149521	38149555	35
chr6	38391565	38391659	95
chr6	117907209	117907488	280
chr6	124494044	124494095	52
chr3	37000122	37000225	104
chr3	85746015	85746088	74
chr3	123350871	123351012	142
chr1	71564968	71565079	112
chr1	75417741	75417783	43
chr1	179043666	179043736	71
chr7	43452958	43453005	48
chr7	130519811	130519876	66
chr7	130536909	130536982	74
chr7	130536916	130536982	67
chr5	32362602	32362676	75
chr5	76640996	76641085	90
chr5	103550315	103550411	97
chr11	73110604	73110722	119
chr11	114710186	114710249	64
chr2	73853721	73853794	74
chr2	158086487	158086555	69
chr13	66998417	66998549	133
chr13	95976481	95976599	119
chrX	74152231	74152291	61
chrX	102127137	102127288	152
chr18	36796111	36796187	77
chr12	55716116	55716961	846
chr12	70292109	70292265	157
chr19	3575563	3575640	78
chr19	10919961	10920403	443
chr6	138416334	138416414	81
chr16	4668632	4668743	112
chr7	19698336	19698403	68
chr4	75950553	75950650	98
chr3	76075737	76075865	129
chr17	7251647	7251686	40
chr11	46277850	46278058	209
chr11	59132371	59132460	90
chr2	37645327	37645470	144
chr2	178430839	178433432	2594
chr16	18418398	18424303	5906
chr8	104497814	104497966	153
chr5	31526249	31526614	366
chr17	7352578	7352621	44
chr7	80743712	80743792	81
chr7	82285131	82285173	43
chr1	156294390	156294434	45
chr1	180973203	180973294	92
chr11	65855083	65855186	104
chr11	70435573	70435846	274
chr11	75571881	75571970	90
chr11	118482032	118482489	458
chr6	30744395	30744458	64
chr6	30895469	30895541	73
chr5	76637072	76637143	72
chr17	32929032	32929137	106
chr11	65855026	65855186	161
chr11	65855033	65855186	154
chr11	65855081	65855186	106
chr11	69641354	69641391	38
chr7	45103458	45103639	182
chr7	100093311	100093371	61
chr3	126998092	126998323	232
chrX	48482639	48482721	83
chr12	31282760	31282868	109
chr12	110545902	110545982	81
chr4	99057759	99061178	3420
chr2	69880664	69880766	103
chr6	43523767	43523883	117
chrX	74197178	74197362	185
chr17	46721879	46721919	41
chr17	46721879	46721922	44
chr1	43990663	43990704	42
chr14	55633236	55633333	98
chr14	74736035	74737211	1177
chr11	65855136	65855186	51
chr13	112882992	112883099	108
chr15	85580908	85581379	472
chr7	44468160	44468276	117
chr7	102465814	102465933	120
chr7	128460986	128461124	139
chr9	121766583	121766693	111
chr15	75896757	75896819	63
chr1	58480896	58480959	64
chr14	59384725	59384783	59
chr14	69714723	69714778	56
chr7	92040867	92042079	1213
chr4	44762475	44764618	2144
chr4	99061015	99061178	164
chr4	145138523	145138563	41
chr4	150166483	150166635	153
chr4	150908251	150908317	67
chr17	32381031	32381083	53
chr17	46935341	46935433	93
chr11	59807742	59807799	58
chr11	60709728	60709944	217
chr11	65855010	65855186	177
chr11	69665926	69666019	94
chr12	69258628	69258861	234
chr6	17656445	17656550	106
chr6	30687309	30693636	6328
chr6	143195316	143195412	97
chr19	11480400	11480451	52
chr19	39539031	39539082	52
chr19	42250092	42250140	49
chr19	43849625	43849775	151
chr19	48645848	48645973	126
chr2	24824894	24824944	51
chr2	37645324	37645470	147
chr2	69993813	69993865	53
chr2	113699920	113700060	141
chr2	148690234	148690303	70
chr2	165682883	165683073	191
chr8	91070407	91070448	42
chrX	150987206	150987838	633
chr10	97674836	97674879	44
chr11	84905644	84905905	262
chr11	101991513	101991607	95
chr11	117702401	117702438	38
chr14	31168323	31168411	89
chr19	4197417	4197476	60
chr19	34672363	34672435	73
chr19	44132002	44132085	84
chr4	26340348	26340416	69
chr4	41635148	41635204	57
chr4	139410530	139410591	62
chr9	8946951	8947006	56
chr9	110108393	110109025	633
chr16	14188405	14188483	79
chr7	19698341	19698403	63
chr7	26371935	26371988	54
chr7	45614996	45615068	73
chr7	122595074	122595161	88
chr7	130536917	130536982	66
chr7	130536914	130536982	69
chr10	77593018	77593062	45
chr10	82670153	82670277	125
chr2	25467185	25467286	102
chr2	76807892	76807990	99
chr2	76857107	76857154	48
chr2	158058828	158071688	12861
chr2	178395794	178395837	44
chr2	178395792	178395837	46
chr5	24550465	24550599	135
chr5	45498594	45498691	98
chr5	65659494	65659606	113
chr5	65659543	65659606	64
chr5	67747217	67747277	61
chr5	138611778	138611823	46
chr15	51789908	51789992	85
chr15	71981769	71981839	71
chr18	11882786	11882848	63
chr1	63585456	63585536	81
chr1	182301199	182301264	66
chr11	118398056	118398120	65
chr12	31282760	31282830	71
chr5	36031082	36031151	70
chr5	136754840	136754914	75
chr6	43523779	43523883	105
chr1	150164754	150164813	60
chr14	24138197	24138236	40
chr7	101244217	101244296	80
chrX	102127137	102127190	54
chr19	40736885	40738489	1605
chr19	44088596	44088674	79
chr19	48796468	48796504	37
chr19	55091093	55091135	43
chr17	7236128	7236192	65
chr17	7932246	7932387	142
chr15	44561890	44561966	77
chr11	49827246	49827330	85
chr11	49827246	49827298	53
chr11	57771468	57771585	118
chr11	106000036	106000074	39
chr9	69428575	69428736	162
chr9	73038581	73038622	42
chr9	105395666	105395799	134
chr1	180973203	180973295	93
chr13	66998446	66998549	104
chr19	4197255	4197338	84
chr19	17642379	17642492	114
chr19	40609040	40609201	162
chr19	45640237	45640425	189
chr19	57753304	57753471	168
chr6	97118793	97118880	88
chr17	34052518	34052562	45
chr5	21739010	21739092	83
chr12	111184337	111184402	66
chr2	26388353	26388491	139
chr2	32418345	32419047	703
chr2	76885053	76885124	72
chr2	91560807	91560911	105
chr4	65323887	65324023	137
chr4	122885726	122885813	88
chrX	12136326	12136400	75
chrX	37839369	37839418	50
chrX	102127137	102127360	224
chrX	103609196	103609303	108
chr4	83460994	83461185	192
chr11	3370851	3370968	118
chr11	65855137	65855186	50
chr11	103078196	103078238	43
chr11	110230431	110230488	58
chr7	100706894	100707304	411
chr17	7236128	7236173	46
chrX	101102295	101102367	73
chr19	38931076	38931110	35
chr19	46044757	46044829	73
chr17	7932246	7932314	69
chr11	34083470	34084083	614
chr9	107331397	107331444	48
chr6	18235348	18235397	50
chr5	138187721	138187862	142
chr5	138766708	138766807	100
chr3	127573326	127573445	120
chr2	27027038	27027140	103
chr2	27241151	27241385	235
chr2	69465344	69465588	245
chr10	14133895	14133940	46
chr10	97714856	97714976	121
chr12	55719151	55719583	433
chr12	69258628	69258675	48
chr13	110903528	110903614	87
chr7	102190469	102191902	1434
chr18	36796645	36796743	99
chr12	56511507	56511548	42
chr11	59132407	59132460	54
chr11	69432795	69432853	59
chr17	28769529	28769720	192
chr17	66690268	66690424	157
chr4	137521493	137521572	80
chrX	102127137	102127329	193
chr2	135938342	135938422	81
chr5	76637072	76637163	92
chr10	80154473	80154542	70
chr11	43444831	43444937	107
chr11	65021777	65021940	164
chr5	72203564	72205129	1566
chr19	23932717	23932800	84
chr1	38036274	38036344	71
chr1	40465811	40465864	54
chr1	165663509	165663565	57
chr15	48151476	48151560	85
chr9	105516630	105521039	4410
chr2	27027054	27027140	87
chr2	41670271	41670900	630
chr2	65526415	65526496	82
chr2	76807914	76807990	77
chr2	91562844	91562906	63
chr2	178395793	178395837	45
chr16	56770144	56770212	69
chr14	70563683	70564849	1167
chr17	6947912	6947977	66
chr17	43568787	43568875	89
chr10	21986208	21986814	607
chr10	88174934	88175038	105
chr6	42629274	42629400	127
chr1	17696875	17696995	121
chr11	120450508	120450590	83
chr4	144779626	144779715	90
chr9	95935577	95935651	75
chr3	116297080	116297130	51
chr3	127687460	127687581	122
chr12	86140096	86140176	81
chr5	74628042	74628119	78
chr5	143388986	143389081	96
chr7	44227681	44227777	97
chr7	45722655	45722721	67
chr19	4197429	4197476	48
chr14	54478102	54478138	37
chr14	64782396	64782545	150
chr17	7927080	7927129	50
chr17	8173009	8173138	130
chr17	28329048	28329095	48
chr17	32929776	32929854	79
chr17	35844571	35844855	285
chr9	114597718	114597794	77
chrX	78126136	78126203	68
chrX	78129324	78129380	57
chr19	37599694	37601048	1355
chr19	44107204	44107287	84
chr19	44107203	44107287	85
chr19	48645848	48646028	181
chr19	58266958	58266998	41
chr5	87666257	87666338	82
chr5	135345918	135346089	172
chr5	141975715	141975764	50
chr5	146751596	146751694	99
chr5	147615015	147615128	114
chr6	35287140	35287346	207
chr2	25234129	25234179	51
chr2	121337772	121337821	50
chr7	44112748	44112846	99
chr7	139525782	139525894	113
chr3	127687520	127687581	62
chr1	93319878	93319959	82
chr1	153752060	153752177	118
chr1	184795234	184795305	72
chr11	62882020	62882992	973
chr11	67283866	67284239	374
chr11	70435573	70435696	124
chr11	72690035	72690114	80
chr13	41056554	41056602	49
chr13	98887798	98888465	668
chr13	112883013	112883099	87
chr2	27241163	27241385	223
chr2	117903242	117903292	51
chr2	152415723	152418231	2509
chr9	107331409	107331444	36
chr9	110251148	110253345	2198
chr3	88163088	88164144	1057
chr6	30744395	30744469	75
chr18	35249813	35249868	56
chr19	10256733	10256817	85
chr19	38652112	38653361	1250
chr14	24150062	24150138	77
chr5	145573309	145573462	154
chr8	94650348	94651406	1059
chr7	26371941	26371988	48
chr7	127579974	127582008	2035
chr10	78039766	78039942	177
chr2	27241995	27242701	707
chr2	127056305	127056333	29
chr2	135741888	135741983	96
chr19	3979617	3979817	201
chr19	48796468	48796506	39
chr14	49768374	49768408	35
chr7	19698335	19698403	69
chr7	44882867	44882967	101
chr7	49770948	49771030	83
chr15	74544346	74544438	93
chr11	61803489	61803641	153
chr5	31526539	31526614	76
chr17	6445175	6445311	137
chr17	6445238	6445311	74
chr17	7236128	7236304	177
chr17	47619063	47619158	96
chr11	65855031	65855186	156
chr11	65855032	65855186	155
chr11	65855080	65855186	107
chr12	54233753	54240435	6683
chr12	111448640	111449177	538
chr19	48645848	48645910	63
chr15	82043408	82043896	489
chr1	93330468	93330754	287
chrX	23364498	23364955	458
chrX	49033476	49040515	7040
chrX	71556009	71556711	703
chrX	74019044	74019899	856
chrX	74232085	74233148	1064
chrX	74255877	74256297	421
chrX	74255877	74256136	260
chrX	74271025	74271555	531
chrX	74741280	74741326	47
chrX	101412006	101412137	132
chrX	101640323	101640785	463
chrX	103609218	103609303	86
chrX	111399638	111400207	570
chrX	138966477	138966813	337
chr8	64691348	64692642	1295
chr8	70377257	70377671	415
chr8	72434171	72434789	619
chr8	79665144	79665627	484
chr8	79665144	79665839	696
chr8	79665144	79665559	416
chr8	79665144	79665813	670
chr8	79665144	79665425	282
chr8	79665144	79665704	561
chr8	79665144	79665750	607
chr8	80663517	80663551	35
chr8	80775782	80776160	379
chr8	84536459	84537114	656
chr8	105338537	105338853	317
chr8	105346726	105347652	927
chr8	105676179	105677119	941
chr8	109624487	109625077	591
chr8	117734707	117736405	1699
chr8	124529057	124529708	652
chr6	3288701	3289003	303
chr6	30643629	30644569	941
chr6	35234817	35235146	330
chr6	38180545	38181313	769
chr6	71920753	71922569	1817
chr6	71926812	71927245	434
chr6	73121443	73121779	337
chr6	88844752	88845065	314
chr6	107530244	107530872	629
chr6	145808563	145808915	353
chr6	147535792	147536506	715
chr7	4061619	4063068	1450
chr7	6415245	6415924	680
chr7	7246408	7247131	724
chr7	15951323	15952065	743
chr7	16201409	16201929	521
chr7	23355278	23357155	1878
chr7	28094200	28094572	373
chr7	28142785	28143386	602
chr7	33650292	33653203	2912
chr7	43950737	43951213	477
chr7	44393568	44394063	496
chr7	55926527	55927023	497
chr7	67267489	67268066	578
chr7	70386549	70386828	280
chr7	73440538	73441585	1048
chr7	78593897	78594398	502
chr7	78711333	78712218	886
chr7	78711756	78712218	463
chr7	80743309	80743792	484
chr7	82273995	82274453	459
chr7	92567742	92568364	623
chr7	98265834	98266136	303
chr7	100430827	100431055	229
chr7	102223491	102224541	1051
chr7	102465814	102466267	454
chr7	112023747	112024293	547
chr7	112856065	112856591	527
chr7	120283242	120283666	425
chr7	120375157	120375869	713
chr7	120465803	120466225	423
chr7	120503508	120504330	823
chr7	130515797	130516104	308
chr7	130542325	130542679	355
chr7	133678435	133678545	111
chr7	135674383	135675254	872
chr7	137234903	137235857	955
chr7	139677994	139678489	496
chr7	141266056	141266389	334
chr3	27468197	27468865	669
chr3	28625223	28625381	159
chr3	28650198	28650740	543
chr3	28708678	28710992	2315
chr3	37011005	37011111	107
chr3	51395300	51396426	1127
chr3	79085321	79085744	424
chr3	79668729	79670846	2118
chr3	84976385	84977077	693
chr3	89232116	89232504	389
chr3	89244111	89244149	39
chr3	89358215	89358561	347
chr3	116010697	116011405	709
chr3	116593825	116594638	814
chr3	117672035	117672346	312
chr3	117831104	117832839	1736
chr3	117832325	117832839	515
chr3	122426755	122427123	369
chr3	124405213	124406330	1118
chr3	124413843	124414311	469
chr3	135228916	135229818	903
chr3	136868727	136869188	462
chr3	136888025	136888677	653
chr15	37002867	37003685	819
chr15	37005862	37007127	1266
chr15	41826053	41826688	636
chr15	44491137	44492584	1448
chr15	44570050	44570883	834
chr15	73567167	73567424	258
chr15	74571516	74571851	336
chr15	74798828	74799418	591
chr15	78293367	78294341	975
chr15	78293549	78294341	793
chr15	81889435	81890398	964
chr15	82197787	82198195	409
chr15	83000979	83001414	436
chr15	85126746	85127467	722
chr15	89190471	89190873	403
chr15	90225855	90227037	1183
chr15	91872578	91873056	479
chr15	92399834	92400373	540
chr15	98721177	98721738	562
chr15	98727752	98727956	205
chr11	4069351	4069465	115
chr11	6622103	6623815	1713
chr11	11942880	11943881	1002
chr11	16992355	16992887	533
chr11	21268864	21269482	619
chr11	24560522	24561475	954
chr11	30149639	30149929	291
chr11	34083470	34083890	421
chr11	43433820	43434522	703
chr11	45887551	45887756	206
chr11	59809045	59809659	615
chr11	60932272	60932625	354
chr11	65854816	65855186	371
chr11	66146379	66147192	814
chr11	70435573	70435883	311
chr11	74866254	74866568	315
chr11	76133815	76134408	594
chr11	77021491	77021933	443
chr11	77021491	77021937	447
chr11	79412759	79413518	760
chr11	83774509	83775350	842
chr11	84880512	84881259	748
chr11	84888168	84888355	188
chr11	99492285	99492668	384
chr11	106097113	106097981	869
chr11	106761297	106761572	276
chr11	117077203	117078174	972
chr11	118502433	118502841	409
chr11	120432557	120433047	491
chr1	10116085	10116404	320
chr1	33479752	33480457	706
chr1	36173788	36174078	291
chr1	43960968	43967002	6035
chr1	43960968	43966618	5651
chr1	51783029	51784436	1408
chr1	58102651	58103143	493
chr1	58153573	58154244	672
chr1	69858611	69859086	476
chr1	75415743	75416576	834
chr1	75423948	75424307	360
chr1	75492144	75492505	362
chr1	119616656	119617363	708
chr1	120487780	120488146	367
chr1	150819101	150819358	258
chr1	151448498	151448539	42
chr1	167326021	167326496	476
chr1	173761031	173761598	568
chr1	173761278	173761598	321
chr1	173933355	173933782	428
chr1	174330637	174330702	66
chr1	183314083	183314412	330
chr4	5729658	5730231	574
chr4	75949960	75950650	691
chr4	82352871	82353522	652
chr4	82948769	82950243	1475
chr4	86228055	86228728	674
chr4	98382578	98383067	490
chr4	101187574	101189078	1505
chr4	104479276	104480154	879
chr4	104479276	104480994	1719
chr4	113041683	113046739	5057
chr4	113485919	113486582	664
chr4	116325349	116326072	724
chr4	118158438	118160133	1696
chr4	118167635	118168384	750
chr4	133190260	133191294	1035
chr4	140537456	140542633	5178
chr4	140552056	140552527	472
chr4	141071598	141072528	931
chr4	141072146	141072528	383
chr14	21092442	21093036	595
chr14	21092442	21092647	206
chr14	31150082	31150147	66
chr14	32418017	32418785	769
chr14	32448182	32448928	747
chr14	33009270	33009457	188
chr14	33364515	33365407	893
chr14	47266511	47266980	470
chr14	47505133	47506846	1714
chr14	47554149	47554559	411
chr14	55524252	55524922	671
chr14	56614766	56615714	949
chr14	60970183	60970828	646
chr14	63375069	63375895	827
chr14	66638461	66639020	560
chr14	67806762	67807261	500
chr14	70124245	70124754	510
chr14	70492601	70492778	178
chr14	70977310	70977765	456
chr14	79474970	79476802	1833
chr14	101898700	101899851	1152
chr14	101914338	101914659	322
chr10	11081964	11082248	285
chr10	13105894	13106305	412
chr10	18215428	18216259	832
chr10	19893066	19894249	1184
chr10	32889199	32889642	444
chr10	60383951	60384859	909
chr10	60399977	60400413	437
chr10	60405072	60406284	1213
chr10	60425619	60426607	989
chr10	63168856	63169254	399
chr10	68751329	68752568	1240
chr10	74482178	74482564	387
chr10	75178024	75178495	472
chr10	82754326	82754964	639
chr10	88906407	88906917	511
chr10	109866116	109866930	815
chr10	123167956	123168226	271
chr10	127179009	127179624	616
chr2	10557711	10558239	529
chr2	20340110	20340416	307
chr2	24630905	24631898	994
chr2	29154097	29154518	422
chr2	29902342	29902886	545
chr2	32004472	32005007	536
chr2	32010366	32010412	47
chr2	32220177	32220527	351
chr2	50296903	50297305	403
chr2	69965516	69966499	984
chr2	71367334	71367512	179
chr2	72239155	72239669	515
chr2	75665302	75665439	138
chr2	76942582	76942846	265
chr2	76976639	76977092	454
chr2	77214362	77215061	700
chr2	77414282	77414572	291
chr2	77518968	77519427	460
chr2	80644280	80645520	1241
chr2	104436500	104436996	497
chr2	121340441	121340750	310
chr2	127746316	127747999	1684
chr2	127867367	127868332	966
chr2	130777819	130778416	598
chr2	152415723	152416840	1118
chr2	156125768	156126318	551
chr2	162661797	162663233	1437
chr2	166274133	166275803	1671
chr2	167421766	167422904	1139
chr2	173023382	173023765	384
chr2	174420434	174421598	1165
chr5	5194598	5195277	680
chr5	21302925	21303063	139
chr5	32352263	32353194	932
chr5	65969270	65970072	803
chr5	69585876	69586464	589
chr5	72203564	72205135	1572
chr5	74627598	74628119	522
chr5	88665418	88665756	339
chr5	107539224	107539450	227
chr5	107574181	107575231	1051
chr5	112840295	112840619	325
chr5	112877193	112877984	792
chr5	116476694	116477058	365
chr5	124646817	124647126	310
chr5	124713459	124713800	342
chr5	127553348	127554565	1218
chr5	129685568	129685914	347
chr5	129978629	129979552	924
chr5	129997581	129997779	199
chr5	134196606	134197014	409
chr5	134602734	134603098	365
chr5	137306277	137307045	769
chr5	137328106	137328436	331
chr5	137466247	137466952	706
chr5	139050235	139050657	423
chr5	140881420	140882001	582
chr5	144244616	144245132	517
chr5	146833172	146834066	895
chr5	149501820	149503522	1703
chr5	150557246	150557748	503
chr17	12969083	12969404	322
chr17	29077023	29078890	1868
chr17	29260860	29261736	877
chr17	29543596	29545484	1889
chr17	29679083	29680192	1110
chr17	29846827	29849156	2330
chr17	30758409	30758829	421
chr17	31218134	31218877	744
chr17	38555940	38556581	642
chr17	46025125	46025346	222
chr17	47431966	47433335	1370
chr17	47674921	47675759	839
chr17	57413762	57414913	1152
chr17	67899922	67901281	1360
chr17	75389580	75389923	344
chr17	78683753	78684229	477
chr17	78766624	78766879	256
chr17	80051675	80053522	1848
chr9	3443048	3443732	685
chr9	3456850	3457372	523
chr9	8961554	8961842	289
chr9	9002375	9003619	1245
chr9	74953279	74953479	201
chr9	88413204	88413480	277
chr9	95462167	95462702	536
chr9	96602162	96602712	551
chr9	100544828	100545994	1167
chr9	106951345	106952311	967
chr9	109146111	109146546	436
chr9	117056410	117056736	327
chr9	121951249	121951848	600
chr9	122992003	122992473	471
chr16	18791860	18793177	1318
chr16	18797092	18797348	257
chr16	29432648	29433971	1324
chr16	56243630	56243738	109
chr16	57220726	57231313	10588
chr16	81461730	81462208	479
chr16	81517618	81517862	245
chr18	4354193	4354449	257
chr18	12439472	12440660	1189
chr18	12482148	12483330	1183
chr18	12684886	12685570	685
chr18	31653627	31654948	1322
chr18	31833735	31834431	697
chr18	31893099	31895281	2183
chr18	34613845	34614447	603
chr18	34627015	34627318	304
chr18	36007626	36008170	545
chr18	57363466	57363751	286
chr18	58071432	58071792	361
chr18	58084148	58084576	429
chr18	63245202	63245570	369
chr18	74740626	74740902	277
chr19	3621942	3622509	568
chr19	4271836	4272569	734
chr19	4361186	4361537	352
chr19	11472528	11474310	1783
chr19	11617772	11618415	644
chr19	11618419	11618853	435
chr19	23358605	23359149	545
chr19	23358662	23359149	488
chr19	23718103	23718623	521
chr19	36569503	36570487	985
chr19	40009957	40011630	1674
chr19	40380968	40382520	1553
chr19	41982009	41988529	6521
chr19	44235977	44236247	271
chr19	47109774	47110073	300
chr19	55642984	55643427	444
chr19	57464426	57467453	3028
chr19	57472781	57473164	384
chr19	57753304	57754556	1253
chr19	58257356	58257727	372
chr12	4672834	4672978	145
chr12	8744744	8744834	91
chr12	16557629	16558408	780
chr12	16579614	16579881	268
chr12	31527911	31528618	708
chr12	51723049	51723317	269
chr12	54233753	54240439	6687
chr12	66568345	66568742	398
chr12	76056943	76057186	244
chr12	76355222	76355888	667
chr12	76355396	76355888	493
chr12	78866768	78867149	382
chr12	79212758	79212955	198
chr12	79279190	79280042	853
chr12	89354480	89355229	750
chr12	100331846	100332578	733
chr12	112044442	112044731	290
chr13	27247974	27249051	1078
chr13	37046986	37047356	371
chr13	45390044	45390366	323
chr13	56242913	56243781	869
chr13	56451280	56452234	955
chr13	56609781	56610096	316
chr13	66976812	66977728	917
chr13	67092908	67097792	4885
chr13	73688732	73689044	313
chr13	77135631	77136476	846
chr13	93711459	93711644	186
chr13	94057907	94058854	948
chr13	94359232	94359895	664
chr13	99344876	99345340	465
chr13	110902793	110903368	576
chr19	5697480	5697528	49
chr11	65855011	65855186	176
chr1	72274831	72274885	55
chr17	47141910	47142421	512
chr14	20458141	20458569	429
chr7	43637111	43637222	112
chr13	33255163	33255509	347
chr11	65854919	65855186	268
chr6	130188579	130188629	51
chr12	118079347	118082430	3084
chr19	48645848	48645907	60
chr2	158547795	158548679	885
chr12	77450277	77450899	623
chr7	44310297	44310492	196
chr7	139567438	139571643	4206
chr9	14761115	14761604	490
chr9	122892392	122892581	190
chr10	42567072	42567488	417
chr19	23259610	23259646	37
chr13	74052275	74052880	606
chr5	136993314	136993657	344
chr14	33040545	33041153	609
chr17	28661826	28661864	39
chr18	61690408	61691986	1579
chr19	56474255	56475308	1054
chr15	80884383	80884693	311
chr13	107738091	107738371	281
chr5	38479629	38480038	410
chr5	124747774	124747983	210
chr7	130536913	130536982	70
chr7	134292789	134293227	439
chr5	72203564	72209379	5816
chr17	57106287	57106825	539
chr3	129810052	129810525	474
chr11	59800828	59801042	215
chr11	65855086	65855186	101
chr2	101733823	101734604	782
chr9	78470792	78470843	52
chr9	108960312	108960453	142
chr5	140706097	140706147	51
chr5	143227018	143227055	38
chrX	101413062	101413111	50
chr7	19698337	19698403	67
chr7	100093336	100093371	36
chr3	152451399	152451459	61
chr2	25233823	25234179	357
chr18	12986398	12986983	586
chrX	103609214	103609303	90
chr16	4696537	4696585	49
chr5	74627776	74628119	344
chr5	88665440	88665756	317
chr5	138184011	138184331	321
chr15	89302385	89302451	67
chr7	3412208	3412772	565
chr7	26374066	26375246	1181
chr5	127281397	127281537	141
chr13	110901357	110903368	2012
chr19	6414042	6414175	134
chr19	7682660	7682758	99
chr15	74544346	74544417	72
chr15	64701605	64701990	386
chr13	63844687	63845053	367
chr13	100306627	100307026	400
chr8	15112067	15112583	517
chr8	104113103	104115611	2509
chr8	104113103	104113678	576
chr11	6403365	6403737	373
chr11	67173569	67174004	436
chr11	99317580	99318057	478
chr11	118502769	118503719	951
chr14	32967049	32967472	424
chr14	54614716	54616514	1799
chr5	34122265	34122605	341
chr5	134614340	134614888	549
chr17	57358757	57360544	1788
chr7	4119781	4120198	418
chr7	27120016	27121123	1108
chr7	75049114	75049672	559
chr7	130538005	130538161	157
chr7	141237703	141239215	1513
chr2	50296903	50297074	172
chr2	165358586	165358970	385
chr2	167503602	167504590	989
chr9	89089973	89090592	620
chr9	109789735	109790529	795
chr3	64014385	64015325	941
chr3	129799295	129800337	1043
chr10	74985092	75025045	39954
chr10	87915350	87915922	573
chr12	100290425	100292191	1767
chr12	118034310	118036389	2080
chrX	74015972	74016547	576
chr6	15376827	15377295	469
chr6	71909240	71910514	1275
chr1	185281741	185281804	64
chr4	26340111	26340416	306
chr4	44678847	44679439	593
chr4	53012048	53012492	445
chr4	140927219	140927774	556
chr18	12985317	12985370	54
chr13	24905709	24905753	45
chr3	155987448	155987850	403
chr17	28362561	28362694	134
chr12	69258628	69258837	210
chr7	128659153	128659667	515
chr6	89654159	89654287	129
chr17	43295261	43295589	329
chr9	66919021	66919509	489
chr5	34167353	34167404	52
chr5	140677337	140677415	79
chr19	44235977	44236142	166
chr11	107320949	107321586	638
chr1	160997741	160997826	86
chr3	69027899	69027964	66
chr6	85610937	85610992	56
chr17	18256937	18256962	26
chr15	85138066	85138877	812
chr14	33383496	33383873	378
chr12	66511570	66511989	420
chr4	6434316	6435056	741
chr4	118160029	118160133	105
chr7	25120437	25120840	404
chr7	102073317	102074252	936
chr2	167503602	167503944	343
chr13	100651718	100652862	1145
chr1	36202584	36202778	195
chr1	173679037	173679661	625
chr16	3975819	3976328	510
chr6	38020984	38021548	565
chrX	75759555	75760231	677
chr11	34080221	34080572	352
chr11	106679804	106681031	1228
chr11	118505256	118505622	367
chr19	37598678	37599092	415
chr15	59347692	59348384	693
chr13	67105975	67107567	1593
chr11	32600872	32601667	796
chr11	65855138	65855186	49
chr16	18418433	18424303	5871
chr5	38479770	38480038	269
chr7	130519310	130519355	46
chr14	20343081	20343255	175
chr4	108612221	108612795	575
chr13	66974558	66976061	1504
chr13	98260123	98260798	676
chr8	84602040	84602623	584
chr8	88311148	88312110	963
chr14	66727832	66728527	696
chr3	79419420	79420564	1145
chr3	89216888	89217503	616
chr9	106958203	106958406	204
chr2	29790560	29790755	196
chr2	71438813	71440220	1408
chr2	104445836	104446511	676
chr7	120388271	120388636	366
chr7	141237703	141238474	772
chr15	77477132	77477993	862
chr16	87476888	87477220	333
chr14	52002463	52002692	230
chr14	55633286	55633333	48
chr14	77506239	77506778	540
chr19	10644264	10644518	255
chr19	36887172	36887213	42
chr11	65855140	65855186	47
chr8	25861191	25861338	148
chr7	4768388	4770240	1853
chr9	100497154	100497257	104
chr2	25738070	25738153	84
chr15	57262092	57263272	1181
chr15	99670895	99671087	193
chr11	78217647	78217840	194
chr11	85705906	85706194	289
chr6	72304689	72304940	252
chr2	26949429	26949511	83
chr1	65265927	65266642	716
chr1	150446242	150446380	139
chr10	63386776	63386829	54
chr3	9787033	9787261	229
chr19	37698516	37698617	102
chr19	56383976	56384058	83
chr12	53010623	53011216	594
chr5	34716330	34717134	805
chr5	134601926	134602560	635
chr1	119936050	119936090	41
chr15	44581958	44582030	73
chr15	48142948	48151560	8613
chr15	90984045	90984733	689
chr17	17383375	17383930	556
chr17	28603385	28603437	53
chr17	67075312	67075588	277
chr9	85842593	85842659	67
chr19	44191150	44191420	271
chr19	44235977	44236060	84
chr19	46700796	46701109	314
chr1	11951057	11951284	228
chr1	43129230	43131651	2422
chr1	72274826	72274885	60
chr7	44883227	44884118	892
chr7	122120560	122121053	494
chr2	112646633	112646918	286
chr2	118823787	118825193	1407
chr10	77033348	77033420	73
chr18	36962786	36964722	1937
chrX	73823146	73824281	1136
chrX	73823154	73824281	1128
chr5	134156974	134157590	617
chr5	138163245	138163303	59
chr5	138165832	138165909	78
chr3	122565945	122568752	2808
chr4	48422150	48422854	705
chr11	65855154	65855186	33
chr11	103052325	103053100	776
chrX	150987205	150987838	634
chr9	95989007	95990081	1075
chr3	122426755	122433745	6991
chr7	83961460	83961542	83
chr1	153802175	153802235	61
chr11	67252701	67252772	72
chr5	149494561	149494607	47
chr1	119607947	119607986	40
chr16	49702017	49703028	1012
chr7	90358285	90358946	662
chr7	120435953	120436436	484
chr14	56614766	56615848	1083
chr15	100580547	100580809	263
chr12	69258107	69258520	414
chr12	76042137	76042638	502
chr2	181013924	181014533	610
chr18	10556028	10556663	636
chr6	30643629	30644443	815
chr6	118476686	118477306	621
chr10	106913741	106913942	202
chr7	26313697	26314479	783
chr7	120354592	120354767	176
chr19	4793784	4793826	43
chr8	79665144	79665788	645
chr12	4700427	4700826	400
chr3	101594954	101594997	44
chr11	86345718	86345859	142
chr1	66649040	66649265	226
chr1	150576658	150577271	614
chr17	7236128	7236179	52
chr17	35119715	35119753	39
chr19	4792904	4793815	912
chr19	37951247	37951426	180
chr19	57753304	57753901	598
chr3	89209864	89210106	243
chr7	45011701	45012122	422
chr7	65959310	65959473	164
chr7	83959868	83961542	1675
chr14	59626401	59626685	285
chr2	24883821	24884145	325
chr2	127757622	127757678	57
chr7	73441396	73441585	190
chr7	132128244	132128351	108
chr10	34155474	34155908	435
chr11	57309884	57310075	192
chr11	110245096	110245217	122
chr15	73304120	73304406	287
chr13	112882989	112883099	111
chr2	75678367	75678487	121
chr2	66491508	66493078	1571
chr2	76813723	76814137	415
chr2	76883548	76883909	362
chr18	34496456	34497333	878
chr11	65854840	65855186	347
chr11	78218956	78219167	212
chr14	20358141	20359331	1191
chr14	66638461	66639479	1019
chr14	79198461	79198815	355
chr1	193180268	193181305	1038
chr16	30365698	30366834	1137
chr10	114591752	114592051	300
chr12	98857863	98858718	856
chr3	65528633	65529432	800
chr3	98813250	98814181	932
chr3	116790394	116791005	612
chr3	142541602	142542550	949
chr7	19698334	19698403	70
chr7	19698333	19698403	71
chr7	118153578	118154171	594
chr7	130510294	130510810	517
chr4	118152764	118153189	426
chr4	140938065	140939692	1628
chr5	24169391	24170008	618
chr5	100062276	100062360	85
chr5	107900647	107901537	891
chr8	41280152	41280197	46
chr1	9677829	9678271	443
chr11	65855030	65855186	157
chr18	61811809	61813541	1733
chr11	62882020	62882986	967
chr11	78217712	78217840	129
chr7	73441283	73441585	303
chr7	130538738	130539010	273
chr9	121784925	121785051	127
chr16	30353983	30354231	249
chr8	11423824	11424091	268
chr8	79665144	79665746	603
chr8	79665144	79666129	986
chr5	34134413	34134705	293
chr5	72203564	72203602	39
chr5	74627562	74628119	558
chr5	112842386	112843203	818
chr3	122426755	122427138	384
chr12	118033203	118036389	3187
chr12	118035013	118036389	1377
chr17	29261132	29261736	605
chr11	69652308	69652569	262
chr1	151759784	151759830	47
chr1	182858611	182884792	26182
chrX	98780480	98780955	476
chr17	45515284	45515352	69
chr3	155987448	155987500	53
chr10	27006224	27006679	456
chr10	100549376	100550357	982
chr4	40812480	40812684	205
chr4	133190260	133190440	181
chr12	24074162	24074358	197
chr13	95635064	95635463	400
chr8	79665144	79666069	926
chr7	83959514	83961542	2029
chr7	90127157	90127596	440
chr7	98846610	98846726	117
chr6	85610937	85610993	57
chrX	98707739	98710077	2339
chr17	30908218	30908651	434
chr18	11882786	11882839	54
chr5	107597240	107597543	304
chr15	80080724	80080895	172
chr19	43506723	43506921	199
chr19	44021429	44021561	133
chr19	48645848	48645933	86
chr2	74679810	74680401	592
chr2	119445419	119445460	42
chr15	74544346	74544483	138
chr19	55091091	55091135	45
chr12	104031977	104032424	448
chr11	116931771	116932196	426
chr17	35186873	35186945	73
chr1	53299153	53299517	365
chr7	112106910	112107325	416
chr11	79527256	79527581	326
chr3	9784176	9787261	3086
chr19	4360563	4361537	975
chr19	41871387	41871421	35
chr11	65854917	65855186	270
chr11	65855084	65855186	103
chr11	95834242	95834305	64
chr18	36796111	36796376	266
chr10	86927723	86927816	94
chr10	127452034	127452149	116
chr1	16230792	16231002	211
chr1	150576950	150577271	322
chr8	11831593	11831645	53
chr8	70112347	70112500	154
chr4	86594605	86594740	136
chr12	104265713	104265866	154
chr7	73441274	73441585	312
chr7	100093025	100093371	347
chr7	135674383	135674953	571
chr5	25189948	25189989	42
chr5	115580580	115580664	85
chr13	49207226	49208003	778
chr6	38673518	38673606	89
chrX	74079841	74079908	68
chrX	150987204	150987838	635
chr2	172554160	172555399	1240
chr1	153794012	153794087	76
chr3	27439366	27439957	592
chr3	69027899	69027986	88
chr3	156551735	156551854	120
chr17	29261640	29261736	97
chr17	45515284	45515376	93
chr15	78012818	78013312	495
chr11	75592220	75592268	49
chr8	63937729	63938367	639
chr8	64045472	64047003	1532
chr9	124353430	124353586	157
chr12	111671626	111671765	140
chr1	43990663	43991016	354
chr14	26469055	26470363	1309
chr2	25233161	25233302	142
chr5	115615600	115615797	198
chr10	123015916	123016262	347
chr18	25150827	25151199	373
chr6	117907209	117907485	277
chr17	18316702	18317974	1273
chr19	33381224	33382366	1143
chr3	88700515	88700646	132
chr3	101576804	101576918	115
chr12	118035030	118036389	1360
chr11	101952480	101952923	444
chr11	106097113	106097498	386
chr1	43990663	43990799	137
chr8	11313115	11313382	268
chr15	48149179	48151560	2382
chr13	93464185	93464566	382
chr2	178354757	178354916	160
chr7	6737635	6737804	170
chr9	79701911	79702225	315
chr17	29258474	29261736	3263
chr17	78827594	78827931	338
chr5	31206948	31207562	615
chr5	43609299	43614278	4980
chr5	74627716	74628119	404
chr5	122947466	122947726	261
chr5	134366294	134366835	542
chr5	150537138	150537892	755
chr2	32429913	32430528	616
chr2	77049278	77049578	301
chr4	61779031	61779366	336
chr10	103070582	103071049	468
chr10	123001964	123002695	732
chr9	9692942	9693492	551
chr9	20591422	20591926	505
chr9	20921385	20922022	638
chr9	79654388	79655398	1011
chr9	88397648	88398238	591
chr1	37957089	37957734	646
chr1	46081498	46082103	606
chr1	46119380	46120114	735
chr1	172149322	172150206	885
chr8	79665144	79665818	675
chr8	79665144	79666082	939
chr8	79665144	79665683	540
chr8	79665144	79665816	673
chr8	90994637	90994854	218
chr8	90994637	90995658	1022
chr8	94511296	94511663	368
chr8	109667629	109667946	318
chr16	73004746	73005130	385
chr12	44547344	44547781	438
chr12	44551437	44551980	544
chr12	51720723	51721464	742
chr12	53010623	53011124	502
chr12	66511252	66511989	738
chr12	98943915	98944157	243
chr12	118034250	118036389	2140
chr7	17155077	17156187	1111
chr7	29328645	29328984	340
chr7	83961133	83961542	410
chr7	133708963	133709008	46
chr7	140886567	140886775	209
chr11	73115011	73115206	196
chr11	76800930	76801639	710
chr11	79027671	79027977	307
chr11	102218051	102218415	365
chr13	107746834	107748183	1350
chr14	33098735	33099016	282
chr14	47548368	47548918	551
chr19	4360925	4361537	613
chr19	21277759	21277858	100
chr19	23358826	23359149	324
chr19	38652112	38652346	235
chr3	89247129	89247690	562
chr3	116680244	116681104	861
chr3	129309277	129309768	492
chr3	138052633	138054297	1665
chr1	6250168	6250200	33
chr1	34861918	34862517	600
chr9	121816557	121816592	36
chr7	130515790	130516104	315
chr7	130536931	130536982	52
chr7	133748184	133748842	659
chr17	45558598	45558806	209
chr11	6403365	6403530	166
chr11	106097113	106097627	515
chr12	55410283	55410433	151
chr12	76025689	76026194	506
chr3	135355072	135355546	475
chr4	107627617	107630786	3170
chr2	109288167	109288806	640
chr1	38045810	38046150	341
chr7	38183522	38184141	620
chr14	47526315	47526937	623
chr8	79665144	79665647	504
chr9	120464962	120465013	52
chr2	152755240	152755710	471
chr11	73428274	73428358	85
chr6	89654159	89654293	135
chr15	73274441	73274486	46
chr15	74627562	74627610	49
chr19	4793494	4793815	322
chr12	54233753	54240438	6686
chrX	102864324	102864653	330
chr3	101823039	101823239	201
chr5	137469763	137470258	496
chr19	45939080	45940444	1365
chr19	55643177	55643427	251
chr7	35633049	35633329	281
chr7	100706894	100706945	52
chr8	79665144	79665576	433
chr8	79665144	79666085	942
chr10	45649988	45650797	810
chr13	49248201	49248418	218
chr13	73688476	73689044	569
chr11	69652308	69652368	61
chr6	117907209	117907479	271
chr12	118033148	118036389	3242
chr5	33881188	33881383	196
chr5	69561200	69561256	57
chr17	17383375	17383415	41
chr17	29260781	29261736	956
chr1	36176713	36176775	63
chr1	93607671	93607764	94
chr1	156671705	156673529	1825
chr11	59806436	59807799	1364
chr19	41982009	41985331	3323
chr9	114593006	114593436	431
chr14	41082362	41082776	415
chr1	42693756	42694746	991
chr4	48385273	48387159	1887
chr3	100139637	100140178	542
chr15	57256339	57256474	136
chr2	11277107	11277436	330
chr2	70661761	70662378	618
chr7	49770948	49771037	90
chr10	51494846	51495571	726
chr10	123025301	123026079	779
chr5	116481699	116482389	691
chr11	105979673	105980203	531
chr18	37092572	37096053	3482
chr1	44019803	44019907	105
chr17	46940964	46941003	40
chr13	95989050	95989090	41
chr13	77134853	77135352	500
chr7	135674383	135674875	493
chr7	141746147	141746470	324
chr6	85610937	85611449	513
chr7	120800471	120800545	75
chr3	69006214	69006776	563
chr17	35005603	35006178	576
chr17	46190245	46190606	362
chr1	46067005	46067048	44
chr19	4361153	4361537	385
chr19	11528676	11528718	43
chr19	23344249	23350598	6350
chr11	35664187	35664547	361
chr11	45951648	45952734	1087
chr14	20460094	20460158	65
chr9	70320159	70321690	1532
chr6	116661276	116661842	567
chr6	118505958	118506375	418
chr2	165682883	165683714	832
chr2	167465458	167466391	934
chr5	137620358	137621205	848
chr10	86031070	86031602	533
chrX	103609250	103609303	54
chr7	112891860	112892758	899
chr19	55095439	55096120	682
chrX	102127137	102127172	36
chr6	42263506	42263549	44
chr1	72274837	72274885	49
chr14	103685819	103686207	389
chr2	27461965	27462420	456
chr2	31810000	31810406	407
chr2	50128535	50128989	455
chr2	50286738	50287794	1057
chr2	69977808	69978857	1050
chr2	69993813	69993862	50
chr2	77518501	77519427	927
chr4	98650486	98650812	327
chr16	89799651	89799960	310
chr18	13015940	13016541	602
chr18	58054525	58054825	301
chr13	21433705	21434350	646
chr13	67137406	67138236	831
chr13	93662868	93663145	278
chr13	95634895	95635463	569
chr13	113035777	113036952	1176
chrX	101533862	101535959	2098
chrX	101553297	101553475	179
chr11	46752643	46753443	801
chr11	73131022	73131579	558
chr11	96261764	96262193	430
chr11	106097113	106098124	1012
chr11	120686702	120687002	301
chr3	33142532	33142848	317
chr3	41733514	41734167	654
chr3	98813881	98814181	301
chr3	104050735	104050792	58
chr3	116350192	116351205	1014
chr1	30949390	30949548	159
chr1	44781107	44781589	483
chr1	150083809	150084579	771
chr1	150407578	150408008	431
chr1	156669030	156669370	341
chr1	156673021	156673529	509
chr8	79665144	79665757	614
chr8	79665144	79666091	948
chr8	91035066	91035473	408
chr10	58290477	58291043	567
chr10	67014032	67014901	870
chr10	97674836	97675572	737
chr15	25415150	25415427	278
chr15	43492284	43492361	78
chr15	76414333	76414728	396
chr15	81715953	81716566	614
chr15	83138095	83138131	37
chr15	83618306	83618551	246
chr7	100430827	100431239	413
chr7	104345718	104346648	931
chr7	120635323	120636377	1055
chr7	139256161	139256898	738
chr7	140081751	140082092	342
chr7	141237703	141238477	775
chr19	11475331	11478044	2714
chr19	21413293	21414813	1521
chr19	23358558	23359149	592
chr19	44021507	44021561	55
chr17	14202973	14203513	541
chr17	29544942	29545484	543
chr17	46654660	46655012	353
chr17	58313917	58314368	452
chr5	72165090	72165350	261
chr5	72203564	72208874	5311
chr5	112263644	112264194	551
chr5	116189602	116190059	458
chr5	116474522	116475175	654
chr5	124128224	124128602	379
chr5	135390453	135391621	1169
chr5	136972485	136973621	1137
chr5	140351559	140352132	574
chr12	13560976	13561084	109
chr12	31468576	31469204	629
chr12	79097565	79098336	772
chr12	79184743	79185123	381
chr12	116138745	116139118	374
chr6	53287374	53287964	591
chr11	61831687	61833412	1726
chr18	12985317	12985349	33
chr4	99072183	99072404	222
chr12	54233753	54238991	5239
chr12	104265713	104265870	158
chr11	78215678	78216204	527
chr15	99249223	99249367	145
chr9	123377830	123378037	208
chr17	7236128	7236169	42
chr19	17585009	17586009	1001
chr1	149887489	149887606	118
chrX	102908531	102908613	83
chr1	19219254	19219463	210
chr1	155861249	155861647	399
chr1	156671927	156673529	1603
chr7	3885463	3886743	1281
chr7	7566396	7566589	194
chr7	102450076	102450147	72
chr7	107506619	107506867	249
chr7	130518700	130519355	656
chr11	66121295	66121825	531
chr11	85704657	85704731	75
chr11	86344112	86345859	1748
chr3	108663632	108666089	2458
chr3	122426755	122427096	342
chr3	142803447	142803553	107
chr2	25233916	25234179	264
chr2	144489115	144490112	998
chr10	79248009	79250872	2864
chr10	128115086	128115991	906
chr6	32163313	32163399	87
chr14	21092442	21092609	168
chr14	30682857	30683931	1075
chr15	58889495	58890447	953
chr17	7352571	7352621	51
chr17	17383375	17383650	276
chr12	118082128	118082430	303
chr5	138165861	138165909	49
chr2	25230706	25230772	67
chr15	98908813	98908848	36
chr19	39995889	39996722	834
chr16	20734402	20734463	62
chr13	19651789	19652186	398
chr13	38058742	38059341	600
chr13	100177848	100178246	399
chr17	31273050	31273316	267
chr17	32208231	32211166	2936
chr10	31345977	31346610	634
chr10	34591971	34592986	1016
chr10	60364309	60365198	890
chr10	60420686	60421045	360
chr9	9237920	9238625	706
chr9	106951674	106952311	638
chr7	4767749	4770240	2492
chr7	78711777	78712218	442
chr7	120409767	120410236	470
chr4	113534486	113535697	1212
chr5	88665113	88665756	644
chr5	107569031	107570129	1099
chr5	140881504	140882001	498
chr5	144207293	144207393	101
chr5	149188474	149188719	246
chr12	76025689	76026066	378
chr19	23378224	23378662	439
chr19	37598678	37599036	359
chr19	42286776	42287172	397
chr19	47109774	47110034	261
chr11	6625297	6625964	668
chr11	66154944	66155416	473
chr11	106680418	106681031	614
chr11	118502840	118503719	880
chr11	120471604	120472209	606
chr11	121039126	121039292	167
chr14	35026951	35027434	484
chr14	41001923	41002435	513
chr2	25846513	25846717	205
chr2	76871895	76872680	786
chr2	77279257	77280554	1298
chr2	77279343	77280554	1212
chr2	91651824	91652269	446
chr2	163607675	163608190	516
chrX	74204958	74205808	851
chr15	100580461	100580809	349
chr1	64956437	64956694	258
chr1	93563388	93564276	889
chr1	172541379	172541692	314
chr6	8016591	8017031	441
chr6	30643629	30643985	357
chr6	71926812	71927692	881
chr6	106181831	106182053	223
chr8	70380302	70380636	335
chr8	81715265	81717195	1931
chr8	95112676	95113228	553
chr8	124591799	124592470	672
chr3	116949633	116953056	3424
chr13	112883008	112883099	92
chr8	79665144	79666101	958
chr10	60300882	60301676	795
chr2	69182953	69183463	511
chr2	76981009	76982337	1329
chr2	77234273	77234648	376
chr2	130964929	130966120	1192
chr1	100141439	100142883	1445
chr10	60411646	60413062	1417
chr8	27199806	27199837	32
chr11	106097113	106098198	1086
chr7	130537825	130538161	337
chr2	148686609	148686771	163
chr9	3345877	3346481	605
chr9	95967810	95968130	321
chr5	112838764	112839616	853
chr5	134402062	134402110	49
chr5	140671584	140671806	223
chr14	77506948	77507723	776
chr14	103033134	103033724	591
chr14	56648950	56649010	61
chr3	37312586	37313705	1120
chr16	15700738	15700927	190
chr17	20234465	20234698	234
chr10	128112768	128112929	162
chr15	89374206	89374250	45
chr15	90966925	90967195	271
chr11	72837282	72837424	143
chr4	101178346	101179454	1109
chr4	140537429	140542633	5205
chr5	138611786	138611823	38
chrX	74428516	74428822	307
chrX	101412655	101413111	457
chr12	118034168	118036389	2222
chr18	36796111	36796417	307
chr19	44132319	44132999	681
chr19	46672237	46672546	310
chr10	128115086	128115343	258
chr6	43522679	43523883	1205
chrX	71556009	71557626	1618
chr4	141014270	141014325	56
chr11	57781272	57782054	783
chr15	41801696	41803049	1354
chr4	65323887	65324021	135
chr7	6654749	6654891	143
chr7	43952852	43953555	704
chr1	72274842	72274885	44
chr1	183314083	183314559	477
chr19	41872213	41872908	696
chr16	20737066	20737158	93
chr16	57146147	57146398	252
chr14	47667434	47667907	474
