chr	start	end	len
chr11	6598220	6598268	49
chr11	31802743	31802829	87
chr11	65855088	65855186	99
chrX	37839369	37839438	70
chrX	74079855	74079908	54
chrX	153725842	153725906	65
chr15	79004297	79004468	172
chr15	82372300	82372389	90
chr15	101708801	101708875	75
chr16	24721992	24722084	93
chr2	25231566	25231667	102
chr2	75661818	75661855	38
chr2	121337773	121337821	49
chr9	27328707	27328777	71
chr9	110171068	110171132	65
chr9	114597664	114597794	131
chr9	121784883	121785051	169
chr9	124353430	124353467	38
chr3	126597505	126597547	43
chr3	129280366	129280422	57
chr6	117907209	117907476	268
chr6	130052896	130052964	69
chr1	36428247	36428299	53
chr1	52464589	52464784	196
chr1	182887532	182887586	55
chr4	109710859	109710924	66
chr4	137521493	137521575	83
chr7	44104500	44104621	122
chr7	79459638	79459688	51
chr7	141655248	141655308	61
chr7	141841401	141841509	109
chr12	55410283	55410331	49
chr12	56591167	56591224	58
chr5	72203564	72203625	62
chr5	136988472	136988544	73
chr13	94448516	94448591	76
chr8	23087105	23087184	80
chr17	32929073	32929137	65
chr17	35011899	35011965	67
chr17	35844571	35844678	108
chr17	35844571	35844747	177
chr17	35844571	35844906	336
chr17	35844571	35844771	201
chr19	3575559	3575640	82
chr19	5667112	5667148	37
chr19	10863150	10863222	73
chr19	55090921	55091135	215
chr14	20721660	20721721	62
chr14	54962962	54963020	59
chr14	75036212	75036254	43
chr14	103685819	103685862	44
chr12	89348450	89348567	118
chr15	44522729	44523028	300
chr7	19698339	19698403	65
chr7	43952852	43952895	44
chr7	80743715	80743792	78
chr7	130519295	130519355	61
chr7	130536912	130536982	71
chr7	141804415	141804609	195
chr14	24138154	24138236	83
chr19	4430575	4432054	1480
chr19	17585008	17586009	1002
chr19	44132945	44132999	55
chr19	57702177	57702344	168
chr1	20356706	20356793	88
chr1	39368256	39368299	44
chr1	160997741	160997822	82
chr1	182887532	182887671	140
chr6	47574225	47576562	2338
chr6	97156777	97156843	67
chr18	80137452	80137483	32
chr16	15700738	15700928	191
chr16	15700738	15700936	199
chr9	124353430	124353466	37
chr5	73555464	73555579	116
chr5	140689911	140689955	45
chr3	69027899	69027991	93
chr3	69027899	69027954	56
chr3	101576807	101576918	112
chr11	57189838	57189969	132
chr11	69651724	69651779	56
chr11	69651724	69651769	46
chr11	99022766	99022839	74
chr4	137521493	137521578	86
chr4	145128178	145128244	67
chr10	7807383	7807456	74
chr10	42318502	42318591	90
chr13	49432466	49432545	80
chr2	3497944	3498021	78
chr2	11755568	11755640	73
chr2	121337774	121337821	48
chr2	154857534	154857775	242
chr17	8388917	8388987	71
chr17	78842230	78842272	43
chr17	78972339	78972402	64
chr17	47650024	47650091	68
chr7	19698324	19698403	80
chr7	19698340	19698403	64
chr7	19698338	19698403	66
chr6	43523828	43523883	56
chr9	121766583	121766696	114
chr18	32412476	32412586	111
chr1	185297374	185297472	99
chr15	74544346	74544407	62
chr15	74955336	74955933	598
chr3	88058088	88058129	42
chr12	56734164	56738469	4306
chr2	130359905	130359955	51
chr2	135741888	135754193	12306
chr2	32947730	32947790	61
chr2	121337771	121337821	51
chrX	103609158	103609303	146
chr14	103571716	103571817	102
chr3	101594136	101594202	67
chr16	21976173	21976232	60
chr18	31962607	31962665	59
chr7	44468160	44468282	123
chr7	100498273	100498335	63
chr7	144452408	144452547	140
chr12	31282760	31282821	62
chr8	94488652	94488704	53
chr4	40164778	40164861	84
chr15	83137887	83138131	245
chr1	40465782	40465848	67
chr1	45331205	45331318	114
chr1	151796908	151797009	102
chr17	32225487	32225575	89
chr19	7682618	7682758	141
chr19	37315328	37315404	77
chr19	43966118	43966174	57
chr19	44069602	44069690	89
chr19	53383472	53383556	85
chr19	53943143	53943465	323
chr19	56377945	56378054	110
chr11	6398340	6398539	200
chr11	6403365	6403513	149
chr11	70435573	70435692	120
chr11	118482032	118482089	58
chr6	83151077	83151169	93
chr6	130052878	130052964	87
chr17	7932246	7932412	167
chr18	12413858	12414441	584
chr11	65021821	65021940	120
chr11	65855082	65855186	105
chrX	102127137	102127191	55
chr1	150694764	150694836	73
chr1	160997741	160997860	120
chr1	173865345	173865398	54
chr5	150449600	150449643	44
chr13	55412373	55412445	73
chr15	68184206	68184420	215
chr7	4759133	4759213	81
chr7	5067648	5067718	71
chr7	24710222	24710359	138
chr7	102465814	102465891	78
chr12	69258628	69258768	141
chr12	69817967	69818021	55
chr11	65021835	65021940	106
chr11	67283866	67284240	375
chr11	69652308	69652367	60
chr11	75571881	75572038	158
chr11	116863947	116864047	101
chr2	26940046	26940127	82
chr17	28859072	28860544	1473
chr1	39333952	39334050	99
chr1	75521850	75521927	78
chr1	193181215	193181305	91
chr3	122924657	122924715	59
chr5	116189439	116190059	621
chrX	150987795	150987838	44
chr19	12613562	12614245	684
chr5	34907247	34907297	51
chr13	73691582	73691680	99
chr11	6403365	6403515	151
chr11	65855072	65855186	115
chr11	65855070	65855186	117
chr11	102398463	102398573	111
chr2	167646910	167646967	58
chr2	173112139	173112243	105
chr12	55716123	55716961	839
chr6	47920750	47925274	4525
chr1	156669209	156669370	162
chr17	7236128	7236167	40
chr17	35844571	35844792	222
chr17	46704782	46704832	51
chr14	74736035	74737220	1186
chr2	26391967	26392036	70
chr12	8790867	8790917	51
chr5	112715381	112715518	138
chr15	44528328	44528460	133
chr15	74544346	74544477	132
chr9	95476032	95476106	75
chr7	19698344	19698403	60
chr1	160997741	160997824	84
chr10	42318486	42318591	106
chr19	4394368	4394791	424
chr19	56377943	56378054	112
chr19	58300167	58300241	75
chr13	19675539	19675639	101
chr3	69027899	69028294	396
chr3	88058087	88058129	43
chr3	88100717	88100968	252
chr7	99479734	99479875	142
chr12	56734145	56738469	4325
chr1	156673457	156673529	73
chr15	44526880	44526969	90
chr15	70048366	70048479	114
chrX	48482641	48482721	81
chr4	139388466	139388534	69
chr4	145138484	145138563	80
chr11	3358897	3358994	98
chr11	59202660	59202769	110
chr11	61799767	61799901	135
chr11	61799804	61799901	98
chr11	65855039	65855186	148
chr11	65855085	65855186	102
chr11	78494607	78496988	2382
chr16	15700738	15700935	198
chr14	21092442	21093079	638
chr8	22565699	22565826	128
chr9	95942737	95942855	119
chr9	106861053	106861463	411
chr2	165682883	165683136	254
chr8	22090296	22090479	184
chr8	23135835	23135992	158
chr8	24914268	24914318	51
chr11	70435573	70435725	153
chr9	121766583	121766673	91
chr19	4838996	4839196	201
chr19	6374609	6374670	62
chr2	73573200	73573259	60
chr7	19698345	19698403	59
chr7	19698342	19698403	62
chr7	44112748	44113024	277
chr7	100430827	100431043	217
chr7	141088402	141088453	52
chr6	117907209	117907429	221
chr6	125031023	125032637	1615
chr6	126644174	126644255	82
chr17	35844571	35844726	156
chr17	35844571	35844936	366
chr4	139061936	139062073	138
chr16	15700738	15700944	207
chr16	18784745	18784805	61
chr16	21504488	21506001	1514
chr12	55716130	55716961	832
chr12	75938802	75939597	796
chr12	79295381	79295476	96
chr14	33068643	33068823	181
chr16	21976170	21976232	63
chr4	103149206	103149295	90
chr4	139410530	139410587	58
chr4	150611017	150611096	80
chr9	97482881	97482938	58
chr9	119321934	119322004	71
chr9	124353430	124353464	35
chr6	38149521	38149555	35
chr6	38391565	38391659	95
chr6	117907209	117907488	280
chr6	124494044	124494095	52
chr3	37000122	37000225	104
chr3	85746015	85746088	74
chr3	123350871	123351012	142
chr1	71564968	71565079	112
chr1	75417741	75417783	43
chr1	179043666	179043736	71
chr7	43452958	43453005	48
chr7	130519811	130519876	66
chr7	130536909	130536982	74
chr7	130536916	130536982	67
chr5	32362602	32362676	75
chr5	76640996	76641085	90
chr5	103550315	103550411	97
chr11	73110604	73110722	119
chr11	114710186	114710249	64
chr2	73853721	73853794	74
chr2	158086487	158086555	69
chr13	66998417	66998549	133
chr13	95976481	95976599	119
chrX	74152231	74152291	61
chrX	102127137	102127288	152
chr18	36796111	36796187	77
chr12	55716116	55716961	846
chr12	70292109	70292265	157
chr19	3575563	3575640	78
chr19	10919961	10920403	443
chr6	138416334	138416414	81
chr16	4668632	4668743	112
chr7	19698336	19698403	68
chr4	75950553	75950650	98
chr3	76075737	76075865	129
chr17	7251647	7251686	40
chr11	46277850	46278058	209
chr11	59132371	59132460	90
chr2	37645327	37645470	144
chr2	178430839	178433432	2594
chr16	18418398	18424303	5906
chr8	104497814	104497966	153
chr5	31526249	31526614	366
chr17	7352578	7352621	44
chr7	80743712	80743792	81
chr7	82285131	82285173	43
chr1	156294390	156294434	45
chr1	180973203	180973294	92
chr11	65855083	65855186	104
chr11	70435573	70435846	274
chr11	75571881	75571970	90
chr11	118482032	118482489	458
chr6	30744395	30744458	64
chr6	30895469	30895541	73
chr5	76637072	76637143	72
chr17	32929032	32929137	106
chr11	65855026	65855186	161
chr11	65855033	65855186	154
chr11	65855081	65855186	106
chr11	69641354	69641391	38
chr7	45103458	45103639	182
chr7	100093311	100093371	61
chr3	126998092	126998323	232
chrX	48482639	48482721	83
chr12	31282760	31282868	109
chr12	110545902	110545982	81
chr4	99057759	99061178	3420
chr2	69880664	69880766	103
chr6	43523767	43523883	117
chrX	74197178	74197362	185
chr17	46721879	46721919	41
chr17	46721879	46721922	44
chr1	43990663	43990704	42
chr14	55633236	55633333	98
chr14	74736035	74737211	1177
chr11	65855136	65855186	51
chr13	112882992	112883099	108
chr15	85580908	85581379	472
chr7	44468160	44468276	117
chr7	102465814	102465933	120
chr7	128460986	128461124	139
chr9	121766583	121766693	111
chr15	75896757	75896819	63
chr1	58480896	58480959	64
chr14	59384725	59384783	59
chr14	69714723	69714778	56
chr7	92040867	92042079	1213
chr4	44762475	44764618	2144
chr4	99061015	99061178	164
chr4	145138523	145138563	41
chr4	150166483	150166635	153
chr4	150908251	150908317	67
chr17	32381031	32381083	53
chr17	46935341	46935433	93
chr11	59807742	59807799	58
chr11	60709728	60709944	217
chr11	65855010	65855186	177
chr11	69665926	69666019	94
chr12	69258628	69258861	234
chr6	17656445	17656550	106
chr6	30687309	30693636	6328
chr6	143195316	143195412	97
chr19	11480400	11480451	52
chr19	39539031	39539082	52
chr19	42250092	42250140	49
chr19	43849625	43849775	151
chr19	48645848	48645973	126
chr2	24824894	24824944	51
chr2	37645324	37645470	147
chr2	69993813	69993865	53
chr2	113699920	113700060	141
chr2	148690234	148690303	70
chr2	165682883	165683073	191
chr8	91070407	91070448	42
chrX	150987206	150987838	633
chr10	97674836	97674879	44
chr11	84905644	84905905	262
chr11	101991513	101991607	95
chr11	117702401	117702438	38
chr14	31168323	31168411	89
chr19	4197417	4197476	60
chr19	34672363	34672435	73
chr19	44132002	44132085	84
chr4	26340348	26340416	69
chr4	41635148	41635204	57
chr4	139410530	139410591	62
chr9	8946951	8947006	56
chr9	110108393	110109025	633
chr16	14188405	14188483	79
chr7	19698341	19698403	63
chr7	26371935	26371988	54
chr7	45614996	45615068	73
chr7	122595074	122595161	88
chr7	130536917	130536982	66
chr7	130536914	130536982	69
chr10	77593018	77593062	45
chr10	82670153	82670277	125
chr2	25467185	25467286	102
chr2	76807892	76807990	99
chr2	76857107	76857154	48
chr2	158058828	158071688	12861
chr2	178395794	178395837	44
chr2	178395792	178395837	46
chr5	24550465	24550599	135
chr5	45498594	45498691	98
chr5	65659494	65659606	113
chr5	65659543	65659606	64
chr5	67747217	67747277	61
chr5	138611778	138611823	46
chr15	51789908	51789992	85
chr15	71981769	71981839	71
chr18	11882786	11882848	63
chr1	63585456	63585536	81
chr1	182301199	182301264	66
chr11	118398056	118398120	65
chr12	31282760	31282830	71
chr5	36031082	36031151	70
chr5	136754840	136754914	75
chr6	43523779	43523883	105
chr1	150164754	150164813	60
chr14	24138197	24138236	40
chr7	101244217	101244296	80
chrX	102127137	102127190	54
chr19	40736885	40738489	1605
chr19	44088596	44088674	79
chr19	48796468	48796504	37
chr19	55091093	55091135	43
chr17	7236128	7236192	65
chr17	7932246	7932387	142
chr15	44561890	44561966	77
chr11	49827246	49827330	85
chr11	49827246	49827298	53
chr11	57771468	57771585	118
chr11	106000036	106000074	39
chr9	69428575	69428736	162
chr9	73038581	73038622	42
chr9	105395666	105395799	134
chr1	180973203	180973295	93
chr13	66998446	66998549	104
chr19	4197255	4197338	84
chr19	17642379	17642492	114
chr19	40609040	40609201	162
chr19	45640237	45640425	189
chr19	57753304	57753471	168
chr6	97118793	97118880	88
chr17	34052518	34052562	45
chr5	21739010	21739092	83
chr12	111184337	111184402	66
chr2	26388353	26388491	139
chr2	32418345	32419047	703
chr2	76885053	76885124	72
chr2	91560807	91560911	105
chr4	65323887	65324023	137
chr4	122885726	122885813	88
chrX	12136326	12136400	75
chrX	37839369	37839418	50
chrX	102127137	102127360	224
chrX	103609196	103609303	108
chr4	83460994	83461185	192
chr11	3370851	3370968	118
chr11	65855137	65855186	50
chr11	103078196	103078238	43
chr11	110230431	110230488	58
chr7	100706894	100707304	411
chr17	7236128	7236173	46
chrX	101102295	101102367	73
chr19	38931076	38931110	35
chr19	46044757	46044829	73
chr17	7932246	7932314	69
chr11	34083470	34084083	614
chr9	107331397	107331444	48
chr6	18235348	18235397	50
chr5	138187721	138187862	142
chr5	138766708	138766807	100
chr3	127573326	127573445	120
chr2	27027038	27027140	103
chr2	27241151	27241385	235
chr2	69465344	69465588	245
chr10	14133895	14133940	46
chr10	97714856	97714976	121
chr12	55719151	55719583	433
chr12	69258628	69258675	48
chr13	110903528	110903614	87
chr7	102190469	102191902	1434
chr18	36796645	36796743	99
chr12	56511507	56511548	42
chr11	59132407	59132460	54
chr11	69432795	69432853	59
chr17	28769529	28769720	192
chr17	66690268	66690424	157
chr4	137521493	137521572	80
chrX	102127137	102127329	193
chr2	135938342	135938422	81
chr5	76637072	76637163	92
chr10	80154473	80154542	70
chr11	43444831	43444937	107
chr11	65021777	65021940	164
chr5	72203564	72205129	1566
chr19	23932717	23932800	84
chr1	38036274	38036344	71
chr1	40465811	40465864	54
chr1	165663509	165663565	57
chr15	48151476	48151560	85
chr9	105516630	105521039	4410
chr2	27027054	27027140	87
chr2	41670271	41670900	630
chr2	65526415	65526496	82
chr2	76807914	76807990	77
chr2	91562844	91562906	63
chr2	178395793	178395837	45
chr16	56770144	56770212	69
chr14	70563683	70564849	1167
chr17	6947912	6947977	66
chr17	43568787	43568875	89
chr10	21986208	21986814	607
chr10	88174934	88175038	105
chr6	42629274	42629400	127
chr1	17696875	17696995	121
chr11	120450508	120450590	83
chr4	144779626	144779715	90
chr9	95935577	95935651	75
chr3	116297080	116297130	51
chr3	127687460	127687581	122
chr12	86140096	86140176	81
chr5	74628042	74628119	78
chr5	143388986	143389081	96
chr7	44227681	44227777	97
chr7	45722655	45722721	67
chr19	4197429	4197476	48
chr14	54478102	54478138	37
chr14	64782396	64782545	150
chr17	7927080	7927129	50
chr17	8173009	8173138	130
chr17	28329048	28329095	48
chr17	32929776	32929854	79
chr17	35844571	35844855	285
chr9	114597718	114597794	77
chrX	78126136	78126203	68
chrX	78129324	78129380	57
chr19	37599694	37601048	1355
chr19	44107204	44107287	84
chr19	44107203	44107287	85
chr19	48645848	48646028	181
chr19	58266958	58266998	41
chr5	87666257	87666338	82
chr5	135345918	135346089	172
chr5	141975715	141975764	50
chr5	146751596	146751694	99
chr5	147615015	147615128	114
chr6	35287140	35287346	207
chr2	25234129	25234179	51
chr2	121337772	121337821	50
chr7	44112748	44112846	99
chr7	139525782	139525894	113
chr3	127687520	127687581	62
chr1	93319878	93319959	82
chr1	153752060	153752177	118
chr1	184795234	184795305	72
chr11	62882020	62882992	973
chr11	67283866	67284239	374
chr11	70435573	70435696	124
chr11	72690035	72690114	80
chr13	41056554	41056602	49
chr13	98887798	98888465	668
chr13	112883013	112883099	87
chr2	27241163	27241385	223
chr2	117903242	117903292	51
chr2	152415723	152418231	2509
chr9	107331409	107331444	36
chr9	110251148	110253345	2198
chr3	88163088	88164144	1057
chr6	30744395	30744469	75
chr18	35249813	35249868	56
chr19	10256733	10256817	85
chr19	38652112	38653361	1250
chr14	24150062	24150138	77
chr5	145573309	145573462	154
chr8	94650348	94651406	1059
chr7	26371941	26371988	48
chr7	127579974	127582008	2035
chr10	78039766	78039942	177
chr2	27241995	27242701	707
chr2	127056305	127056333	29
chr2	135741888	135741983	96
chr19	3979617	3979817	201
chr19	48796468	48796506	39
chr14	49768374	49768408	35
chr7	19698335	19698403	69
chr7	44882867	44882967	101
chr7	49770948	49771030	83
chr15	74544346	74544438	93
chr11	61803489	61803641	153
chr5	31526539	31526614	76
chr17	6445175	6445311	137
chr17	6445238	6445311	74
chr17	7236128	7236304	177
chr17	47619063	47619158	96
