chr11	6598220	6598268	9	22	22	15	32	5	44	3	18	59	65	39	36	14	10	34	43	32	26	48	43	15	17	45	7	62	33	7
chr11	31802743	31802829	0	3	0	9	19	0	1708	94	1	247	3445	122	14	0	25	56	96	1327	82	1024	14	0	0	12	1	14	8	0
chr11	65855088	65855186	2939	4593	5377	5509	6579	3697	2743	151	3942	3519	2828	6974	855	4166	7855	7504	6463	2208	4553	2396	3505	3209	3906	2651	3120	4404	9031	3703
chrX	37839369	37839438	35	66	32	1	36	54	201	17	30	227	277	53	129	0	2	62	13	151	16	171	619	50	32	73	39	690	110	61
chrX	74079855	74079908	0	0	0	0	1	0	16	0	0	14	24	3	0	0	1	0	4	10	0	7	7	0	0	9	0	10	0	0
chrX	153725842	153725906	89	110	171	376	246	89	118	4	118	63	104	211	3	67	327	367	183	71	155	71	2	124	79	11	87	7	197	125
chr15	79004297	79004468	0	0	0	1	0	0	0	0	0	0	0	0	0	0	2	2	0	0	1	2	4	0	0	2	1	4	2	0
chr15	82372300	82372389	12980	16337	15954	14836	9560	18344	10310	538	13815	9861	9495	9950	4476	15775	2884	13362	11907	10759	8340	8685	5888	20024	10248	5496	13821	4630	10416	20189
chr15	101708801	101708875	33	28	46	36	42	41	170	2	36	184	162	36	25	36	14	53	46	120	32	200	53	48	28	29	38	33	67	40
chr16	24721992	24722084	1	0	0	0	0	0	6	0	0	10	5	0	15	0	0	0	0	8	0	13	13	2	0	5	1	14	0	0
chr2	25231566	25231667	61	59	88	78	82	78	303	5	85	172	310	76	14	59	53	85	138	152	74	243	43	90	52	75	66	50	115	88
chr2	75661818	75661855	88	96	146	73	68	132	83	2	110	75	89	104	24	79	43	122	111	92	85	79	61	180	70	53	134	87	126	137
chr2	121337773	121337821	4	12	20	16	21	2	23	0	10	25	32	13	114	6	0	12	24	18	12	27	100	7	6	165	5	133	20	9
chr9	27328707	27328777	242	153	336	31	139	224	49	0	297	11	104	223	0	235	58	259	249	38	226	27	26	386	142	11	193	41	61	396
chr9	110171068	110171132	85	149	193	233	294	122	233	5	153	69	187	226	56	119	61	250	280	157	171	195	112	106	75	90	123	132	268	92
chr9	114597664	114597794	3391	3699	4234	5973	4332	4681	2252	151	4415	3160	2175	4389	418	5621	3152	6246	4772	2122	3457	2188	1326	3729	4115	579	2628	1236	5882	4193
chr9	121784883	121785051	336	357	690	809	640	341	513	20	591	568	489	867	160	384	826	899	936	395	705	430	410	323	312	376	249	355	720	358
chr9	124353430	124353467	12	66	25	101	125	15	243	2	25	95	184	64	21	16	112	69	96	131	67	149	20	17	20	18	20	15	96	10
chr3	126597505	126597547	1	0	1	1	1	2	8	0	0	2	6	2	30	0	0	2	1	6	0	17	19	0	0	32	0	17	2	2
chr3	129280366	129280422	2	2	9	5	1	2	2	0	1	7	1	2	8	3	3	5	3	2	4	3	3	2	1	8	2	11	8	4
chr6	117907209	117907476	6	9	1	2	16	11	2	0	4	1	3	21	0	2	9	12	10	3	9	0	2	3	2	2	5	1	8	7
chr6	130052896	130052964	69	143	131	145	92	96	162	1	130	54	169	101	56	71	33	115	110	91	93	106	49	75	57	59	65	28	117	71
chr1	36428247	36428299	0	1	0	3	1	0	0	0	0	1	3	2	2	1	0	4	2	2	0	3	2	1	3	0	0	0	2	0
chr1	52464589	52464784	4	5	5	10	11	2	15	3	7	37	45	15	12	4	1	16	14	30	11	46	6	3	0	9	2	12	4	5
chr1	182887532	182887586	1524	2109	2649	1513	2296	1861	433	17	2544	554	625	2804	169	2739	518	3062	2757	342	1882	386	461	1692	1475	384	1508	468	2351	1406
chr4	109710859	109710924	62	61	66	87	35	94	339	15	50	387	209	58	112	57	7	60	49	346	34	268	231	80	47	137	76	251	56	135
chr4	137521493	137521575	499	1057	184	819	1296	912	306	4	229	325	166	509	5	702	1410	1148	3340	198	1515	257	14	740	228	36	441	12	606	424
chr7	44104500	44104621	43	155	144	300	199	67	323	29	71	272	283	190	0	89	306	131	155	376	98	465	0	63	40	5	42	1	153	60
chr7	79459638	79459688	12	31	14	193	175	11	331	5	6	274	414	110	101	4	26	95	120	259	72	223	97	13	8	102	11	109	165	19
chr7	141655248	141655308	13	11	24	7	10	14	36	2	23	49	68	22	13	7	7	23	24	29	12	35	40	17	5	31	17	35	16	11
chr7	141841401	141841509	0	0	0	0	1	0	9	1	0	12	7	0	1	0	0	1	1	7	0	8	1	0	0	3	1	1	0	0
chr12	55410283	55410331	1529	1036	2175	1171	944	1923	382	16	2055	799	424	1161	101	1751	445	1255	862	362	724	431	472	2051	1626	265	1632	482	1830	2253
chr12	56591167	56591224	18	49	24	107	122	43	195	6	27	121	149	72	7	19	45	79	77	158	54	146	5	30	16	15	27	4	131	61
chr5	72203564	72203625	25	125	122	179	235	51	299	7	81	370	309	198	23	48	412	424	303	191	189	370	231	35	40	51	40	184	272	33
chr5	136988472	136988544	140	2899	89	744	456	228	2067	59	134	341	1928	1180	80	159	552	392	560	1273	206	645	563	177	167	147	164	321	436	196
chr13	94448516	94448591	0	0	0	0	0	0	165	1	0	12	89	1	0	0	0	0	0	109	0	120	1	0	0	0	0	2	0	0
chr8	23087105	23087184	0	0	0	1	0	0	2	0	0	2	2	1	0	0	0	0	0	0	0	0	0	0	0	0	0	0	0	0
chr17	32929073	32929137	3	8	20	3	15	3	100	3	14	17	50	15	1	5	14	9	19	40	14	103	8	3	7	2	7	5	16	3
chr17	35011899	35011965	517	305	499	332	240	792	127	8	595	149	152	375	30	385	253	377	297	96	247	109	117	475	448	36	339	70	414	659
chr17	35844571	35844678	179	416	666	173	299	269	698	18	353	625	788	549	160	277	351	229	349	623	217	694	219	310	238	195	291	253	207	227
chr17	35844571	35844747	267	658	1035	262	507	376	1089	44	559	939	1202	856	215	388	501	338	528	985	296	1063	316	500	367	300	467	379	310	332
chr17	35844571	35844906	258	630	1062	250	467	362	1041	30	557	998	1138	891	249	416	465	383	505	922	308	1036	337	461	362	284	475	360	355	311
chr17	35844571	35844771	255	656	981	258	499	391	1052	38	545	997	1193	825	223	388	452	355	533	987	269	1047	294	479	344	288	462	381	323	333
chr19	3575559	3575640	1297	1957	2328	1544	1410	1598	475	19	1605	403	540	1821	26	1332	1767	1543	1336	403	1199	477	101	1638	1802	171	1552	66	1412	1920
chr19	5667112	5667148	73	125	238	73	135	51	427	41	162	651	489	260	35	96	203	123	139	428	112	453	113	119	65	98	125	137	156	121
chr19	10863150	10863222	0	0	0	0	0	0	4	0	1	0	2	0	0	0	1	0	0	1	0	1	0	0	0	0	2	0	0	0
chr19	55090921	55091135	314	419	740	658	567	449	125	5	615	181	221	672	79	482	588	636	661	114	451	144	487	374	285	137	359	447	598	444
chr14	20721660	20721721	356	595	528	518	532	439	162	5	529	202	162	446	6	498	258	480	383	127	342	134	33	350	435	45	349	33	530	395
chr14	54962962	54963020	264	409	355	131	276	424	55	2	323	53	98	327	25	486	44	200	198	60	194	73	17	457	289	10	323	21	222	254
chr14	75036212	75036254	1	1	3	2	0	0	5	0	0	6	8	1	18	1	0	0	2	6	0	7	8	0	0	16	0	15	0	2
chr14	103685819	103685862	233	272	394	550	416	234	375	18	295	576	185	605	316	390	162	843	753	249	504	427	3231	209	155	698	83	3320	506	214
chr12	89348450	89348567	1736	2118	3173	1948	1905	1491	105	6	2348	212	97	2175	425	1833	168	1510	2489	65	1285	119	530	1600	2248	497	1411	1159	3704	3575
chr15	44522729	44523028	0	0	1	1	0	0	1	0	1	2	0	0	4	0	0	0	1	0	0	0	1	0	0	0	0	3	1	0
chr7	19698339	19698403	213	265	243	329	267	216	70	7	232	181	65	248	364	480	34	336	204	63	148	71	162	223	278	132	193	177	390	186
chr7	43952852	43952895	48	94	88	199	169	104	79	1	119	73	79	101	34	65	186	189	165	49	146	90	178	93	56	49	81	94	151	117
chr7	80743715	80743792	0	16	1	113	224	1	429	12	0	269	138	152	13	3	2	60	77	295	31	233	69	0	0	90	0	35	93	5
chr7	130519295	130519355	1	2	4	2	4	0	121	8	0	410	134	0	286	0	0	2	6	121	1	162	160	0	0	274	0	226	1	0
chr7	130536912	130536982	0	0	1	0	0	0	60	0	0	101	41	4	205	0	4	3	5	47	1	60	181	0	0	333	0	244	0	1
chr7	141804415	141804609	0	0	0	0	0	0	1	0	0	1	0	1	3	0	0	0	0	3	0	0	3	0	0	5	0	2	3	0
chr14	24138154	24138236	153	179	220	140	113	183	244	9	163	278	172	251	34	133	244	267	173	227	180	212	38	190	121	34	106	32	176	246
chr19	4430575	4432054	65	44	163	16	89	75	26	1	106	44	159	106	3	68	60	68	60	22	51	34	9	103	91	3	103	26	52	62
chr19	17585008	17586009	0	2	2	0	2	0	0	0	0	0	1	0	1	0	0	2	0	1	1	0	0	0	0	2	2	1	3	0
chr19	44132945	44132999	19	13	11	22	20	19	53	0	12	32	50	12	13	28	7	23	24	31	12	52	23	21	17	15	14	13	25	20
chr19	57702177	57702344	75	69	101	96	64	82	165	0	89	97	163	73	53	87	13	101	89	95	50	123	53	121	54	73	61	74	72	96
chr1	20356706	20356793	0	0	2	0	0	0	8	2	2	6	24	0	2	0	1	2	2	22	1	15	3	3	1	6	0	0	0	0
chr1	39368256	39368299	49	56	71	53	84	49	138	3	43	121	116	76	96	58	33	68	73	82	37	111	122	65	27	126	63	130	58	63
chr1	160997741	160997822	1541	591	2435	129	27	2103	338	21	2280	448	255	99	116	2321	64	254	62	747	113	286	22	2798	2020	53	2141	44	42	2132
chr1	182887532	182887671	1430	1988	2496	1474	2152	1774	389	18	2436	507	564	2670	138	2654	518	2891	2600	315	1773	350	434	1629	1432	359	1405	435	2281	1332
chr6	47574225	47576562	126	69	134	61	45	162	181	9	163	185	158	32	54	205	4	35	19	168	21	138	22	242	160	25	170	17	66	148
chr6	97156777	97156843	1	1	1	0	5	2	1	0	1	4	2	2	1	2	1	4	2	0	0	2	0	2	0	1	0	1	2	4
chr18	80137452	80137483	865	924	1033	776	910	1092	202	14	1111	221	176	1010	10	1154	1052	1087	919	186	781	224	43	961	974	18	911	35	810	939
chr16	15700738	15700928	75	241	221	243	283	92	45	5	136	38	66	479	5	117	271	412	365	35	304	42	26	126	54	9	87	11	427	177
chr16	15700738	15700936	75	240	223	239	277	90	45	5	136	40	64	486	5	118	277	415	366	35	301	42	27	127	55	9	86	10	427	185
chr9	124353430	124353466	12	66	25	100	125	14	241	2	25	95	184	64	21	16	112	67	96	131	66	148	20	17	19	18	20	15	96	10
chr5	73555464	73555579	8	16	1	24	11	6	63	6	4	120	105	23	5	8	1	28	29	87	7	76	11	15	6	20	13	11	28	15
chr5	140689911	140689955	8	4	10	7	8	5	20	2	5	87	34	8	18	4	4	12	21	28	7	36	36	6	7	28	5	23	10	5
chr3	69027899	69027991	3	0	1	4	0	1	2	2	0	40	12	2	11	0	0	0	4	8	0	10	5	2	0	6	2	7	6	2
chr3	69027899	69027954	39	30	39	128	61	29	191	19	41	353	159	54	165	54	4	49	69	259	38	230	91	48	35	81	40	115	94	58
chr3	101576807	101576918	78992	115566	89342	73842	56061	105177	28678	1248	84513	22272	19252	58846	8900	90360	61033	56458	48432	33065	44936	26637	10520	102708	74668	16319	79742	5857	49992	120279
chr11	57189838	57189969	5	33	28	17	19	11	46	1	39	35	48	60	0	5	41	56	44	35	34	64	9	4	11	18	2	9	64	3
chr11	69651724	69651779	406	745	332	1477	1729	433	951	41	360	564	1674	1472	37	642	65	2518	1150	655	1095	743	37	408	222	19	284	34	2057	634
chr11	69651724	69651769	437	767	336	1495	1756	434	955	39	370	569	1716	1506	41	646	64	2567	1180	666	1140	764	36	411	227	25	288	42	2106	665
chr11	99022766	99022839	0	0	1	0	0	0	6	1	0	0	6	0	12	0	0	0	0	9	0	5	9	0	0	17	0	6	0	0
chr4	137521493	137521578	505	1096	183	837	1323	926	317	4	236	342	171	515	5	728	1413	1154	3394	205	1537	266	14	751	235	38	446	12	619	427
chr4	145128178	145128244	526	674	374	556	604	622	153	6	491	199	182	418	35	881	22	480	354	165	258	125	138	554	345	72	406	128	512	555
chr10	7807383	7807456	32	27	15	37	16	8	84	19	16	207	101	38	16	24	2	25	35	191	13	107	24	37	19	76	30	60	51	43
chr10	42318502	42318591	0	0	0	0	1	0	0	0	2	1	0	0	0	0	0	2	4	5	0	1	12	0	0	24	0	13	2	0
chr13	49432466	49432545	2	0	1	2	1	0	0	0	0	1	0	0	0	0	0	0	0	1	2	1	0	0	0	1	0	2	0	0
chr2	3497944	3498021	35	61	55	63	112	57	23	0	37	24	28	92	53	112	21	73	60	9	31	18	41	35	26	38	25	54	156	56
chr2	11755568	11755640	0	10	1	4	2	1	0	0	4	2	4	2	1	1	4	3	2	2	1	4	1	2	2	3	2	0	2	0
chr2	121337774	121337821	4	12	20	16	21	2	23	0	10	25	32	13	114	6	0	12	24	18	12	27	100	7	6	165	5	133	20	9
chr2	154857534	154857775	0	0	0	3	0	0	230	2	0	33	65	0	41	0	0	0	0	77	0	124	295	1	0	44	0	312	0	4
chr17	8388917	8388987	3	2	7	1	0	1	1	0	5	2	1	1	0	4	0	5	1	3	0	0	0	1	1	0	0	2	2	0
chr17	78842230	78842272	7	3	9	6	6	3	12	0	14	8	9	4	20	6	7	10	6	11	6	23	12	4	6	7	7	19	4	8
chr17	78972339	78972402	345	478	1125	1094	296	608	1969	62	888	1996	1337	422	26	459	518	427	313	1956	297	1225	49	530	344	39	422	43	433	538
chr17	47650024	47650091	814	1176	1646	673	1203	1111	108	1	1577	99	124	1483	14	1942	1432	1388	1051	90	858	106	38	1191	1061	33	1066	32	1338	807
chr7	19698324	19698403	211	264	242	318	277	229	77	7	241	202	76	256	354	472	33	353	212	65	160	76	161	218	283	137	195	180	381	191
chr7	19698340	19698403	216	271	247	333	272	217	69	7	233	182	65	254	367	483	34	337	206	63	149	70	165	223	281	133	202	178	394	189
chr7	19698338	19698403	208	258	239	322	266	213	70	7	226	178	64	244	356	475	33	333	198	61	149	71	160	218	278	133	190	173	383	182
chr6	43523828	43523883	297	693	626	335	460	385	188	6	611	161	240	493	26	509	333	562	429	165	394	178	59	449	371	59	390	62	486	286
chr9	121766583	121766696	183	238	373	461	427	221	290	7	278	261	219	459	16	298	577	542	528	179	386	210	47	193	244	47	158	63	406	184
chr18	32412476	32412586	2840	3863	6483	2386	3159	3554	1815	42	4491	1104	2702	4418	183	3761	3229	4750	4883	1222	4137	1208	423	5019	2953	317	3938	245	3420	3745
chr1	185297374	185297472	473	228	484	241	219	431	477	43	460	411	768	320	37	452	33	335	259	467	193	664	172	497	261	156	365	151	268	581
chr15	74544346	74544407	1070	357	1077	149	316	1495	37	1	1097	93	77	461	4	1584	235	526	290	33	264	74	7	1024	1356	17	847	9	340	1263
chr15	74955336	74955933	304	256	568	69	76	414	156	10	546	72	74	87	24	485	140	85	82	105	69	127	138	332	499	139	316	92	83	395
chr3	88058088	88058129	672	864	699	1227	1227	970	524	27	809	554	442	1147	69	914	488	1347	1341	411	1024	415	180	963	591	107	626	126	1268	924
chr12	56734164	56738469	603	325	915	211	357	1080	45	2	1030	54	130	535	12	885	109	597	396	29	429	65	69	792	759	19	636	51	463	497
chr2	130359905	130359955	4	4	8	4	0	1	5	0	7	12	11	0	4	0	3	2	4	6	3	14	4	3	1	5	1	5	1	5
chr2	135741888	135754193	855	939	623	1354	1145	1062	711	23	621	628	359	1168	204	843	464	853	733	468	626	599	275	669	905	164	530	226	1366	1421
chr2	32947730	32947790	72	131	156	420	302	140	121	1	159	60	90	235	0	87	342	289	263	64	184	39	0	87	121	2	72	1	378	119
chr2	121337771	121337821	4	12	20	16	21	2	23	0	10	25	32	13	114	6	0	12	24	18	12	27	100	7	6	165	5	133	20	9
chrX	103609158	103609303	145	167	303	362	202	423	928	46	390	758	541	288	507	206	219	218	325	405	166	504	1165	395	469	341	307	952	272	274
chr14	103571716	103571817	282	307	256	388	429	390	184	5	284	153	101	354	85	286	85	447	357	135	229	178	129	317	171	87	127	97	421	376
chr3	101594136	101594202	228	274	386	273	322	348	1223	80	268	1650	1142	370	291	352	27	312	322	1241	192	1091	874	366	208	419	307	1001	413	335
chr16	21976173	21976232	1323	1578	1389	1593	1016	1780	1102	44	1362	1081	804	1135	123	1508	785	1330	1228	969	1068	1055	1005	1643	1080	327	1267	730	1168	1839
chr18	31962607	31962665	1035	1318	1572	1047	1120	1182	411	14	1597	162	341	1347	19	1530	646	1568	1460	232	1087	236	46	1468	1030	34	1153	26	1293	1223
chr7	44468160	44468282	45993	70532	61549	48505	43059	65389	21275	956	50341	14691	17303	44889	8671	67443	46919	51317	47835	23225	40079	19135	12998	60280	58549	18598	46701	7827	42326	65357
chr7	100498273	100498335	0	0	0	0	0	0	6	1	0	1	0	0	14	0	0	1	1	0	0	2	0	0	0	2	0	2	0	0
chr7	144452408	144452547	34	4	19	19	9	48	208	10	13	72	52	15	15	26	2	7	8	104	7	113	80	18	27	19	21	71	10	53
chr12	31282760	31282821	3799	3012	3178	1089	1579	5200	322	17	3772	295	445	2146	7	4760	729	2369	1643	315	1742	300	8	5247	4464	28	4037	1	1981	5195
chr8	94488652	94488704	127	169	271	204	220	136	227	4	195	254	230	287	114	192	77	190	200	229	134	226	209	195	127	207	170	235	251	154
chr4	40164778	40164861	4	13	7	6	8	4	19	0	11	16	42	14	9	5	0	14	19	12	10	23	5	8	4	14	6	3	12	13
chr15	83137887	83138131	303	228	284	256	261	359	242	11	260	215	309	277	100	365	18	339	322	164	191	195	310	345	169	229	256	343	294	300
chr1	40465782	40465848	79	106	81	87	69	142	33	0	107	14	34	76	10	112	29	87	94	11	56	28	44	111	90	29	57	70	104	123
chr1	45331205	45331318	173	111	331	81	138	250	126	5	272	77	168	248	8	210	178	167	193	92	166	88	34	242	208	41	185	40	150	215
chr1	151796908	151797009	2	3	5	3	0	1	6	1	6	32	17	7	10	4	2	10	9	11	2	22	21	6	0	10	4	24	5	5
chr17	32225487	32225575	164	99	116	103	96	148	122	8	102	202	166	139	148	102	1	109	136	139	83	172	290	204	66	183	121	398	90	177
chr19	7682618	7682758	1911	2597	3224	1778	2469	2123	611	30	2649	421	412	2682	263	2008	2404	2493	1802	515	1556	462	1577	1969	2302	790	1793	1212	2066	2427
chr19	37315328	37315404	5	1	10	1	7	18	57	2	7	45	27	4	1	2	0	3	6	33	2	28	4	12	8	12	3	6	3	20
chr19	43966118	43966174	28	40	53	43	58	35	46	1	88	14	37	56	20	50	26	67	77	16	50	48	23	39	40	15	17	20	60	21
chr19	44069602	44069690	4	10	11	16	20	15	28	1	11	16	22	30	8	16	3	23	23	15	11	16	20	11	13	21	10	30	19	14
chr19	53383472	53383556	200	36	149	8	9	299	15	1	214	35	34	15	6	288	3	26	19	18	25	27	4	255	182	4	151	7	13	253
chr19	53943143	53943465	488	143	1150	432	344	706	303	8	676	541	283	754	101	541	1154	995	1051	171	740	536	284	899	690	322	702	274	922	792
chr19	56377945	56378054	149	141	175	159	221	267	154	5	244	151	132	164	35	247	28	235	197	118	134	121	98	239	142	45	148	119	254	242
chr11	6398340	6398539	1	1	4	7	4	0	51	2	0	81	53	8	30	2	3	2	6	37	1	55	32	1	0	21	1	24	5	0
chr11	6403365	6403513	263	432	548	808	676	453	699	20	471	690	711	887	131	283	1142	1154	907	453	891	584	1556	397	272	359	279	1019	850	356
chr11	70435573	70435692	830	1611	2491	1861	1676	1067	794	30	1918	840	1224	1851	229	1821	2212	2278	1515	771	1203	905	647	1183	1490	267	1065	593	2339	1080
chr11	118482032	118482089	18	44	78	21	46	35	141	11	58	185	140	76	348	29	84	54	67	111	40	146	148	33	64	289	33	178	58	31
chr6	83151077	83151169	0	0	0	3	2	2	13	0	1	12	12	0	4	0	2	1	6	12	4	10	5	0	0	4	1	6	0	0
chr6	130052878	130052964	64	124	119	146	86	95	160	2	121	47	156	95	53	65	36	109	106	88	90	99	44	77	57	55	63	32	102	67
chr17	7932246	7932412	77	134	147	94	154	101	48	0	100	79	105	256	12	80	161	165	182	35	152	64	23	121	105	18	111	16	111	98
chr18	12413858	12414441	1	0	2	3	0	1	1	0	0	2	2	2	1	1	1	1	1	1	0	0	7	0	0	9	0	4	3	0
chr11	65021821	65021940	3818	2556	7885	1655	1498	4503	1037	58	5708	990	771	2393	210	3630	3569	2591	1699	888	2056	945	1972	5167	4405	514	4564	1078	1965	5719
chr11	65855082	65855186	2618	4037	4741	4756	5761	3220	2483	136	3497	3149	2560	6093	805	3576	6850	6614	5691	1968	4004	2140	3144	2835	3326	2350	2743	3829	8012	3252
chrX	102127137	102127191	598	8	1037	55	3	645	95	5	592	299	59	34	1105	102	6	26	15	55	18	166	2877	649	559	1077	642	2637	9	931
chr1	150694764	150694836	533	328	482	242	209	581	167	13	579	225	133	202	21	512	71	228	176	144	189	177	66	652	471	22	476	64	206	700
chr1	160997741	160997860	1228	464	2044	99	19	1683	277	17	1871	392	212	86	104	1735	61	228	45	583	83	242	23	2338	1438	45	1789	36	38	1724
chr1	173865345	173865398	263	296	351	182	184	169	101	18	381	294	142	132	15	401	10	132	107	195	67	149	39	217	174	44	182	37	222	256
chr5	150449600	150449643	2849	3040	3295	1067	1575	4021	59	8	4348	175	45	1372	28	5850	1252	1179	734	66	741	69	126	2445	4183	47	2168	89	1836	2282
chr13	55412373	55412445	5	0	3	0	0	3	0	0	1	0	0	0	0	1	0	0	0	0	0	0	0	9	6	0	4	0	0	0
chr15	68184206	68184420	12	12	11	25	25	15	17	4	16	35	35	36	4	10	5	31	31	24	12	34	7	10	13	9	12	7	24	12
chr7	4759133	4759213	25	146	81	211	152	27	192	11	31	180	146	140	9	23	287	149	216	180	131	158	17	29	45	13	55	17	159	73
chr7	5067648	5067718	101	94	92	127	95	113	105	6	98	101	109	82	31	162	16	92	105	94	46	102	67	131	77	60	83	67	110	155
chr7	24710222	24710359	16	28	22	84	47	29	29	3	34	28	21	48	12	33	47	81	35	36	61	25	23	21	15	23	19	28	64	19
chr7	102465814	102465891	194	367	419	338	411	271	33	0	417	39	69	448	2	304	867	570	436	31	365	48	31	315	265	22	235	15	535	358
chr12	69258628	69258768	2104	2195	2999	1943	2100	2339	421	6	3239	384	480	2592	41	3244	2426	2698	2656	297	2382	357	241	2484	2533	159	2475	178	2203	2624
chr12	69817967	69818021	33	19	55	24	27	46	113	3	37	21	66	40	42	41	16	46	36	25	48	55	163	31	30	56	19	85	41	50
chr11	65021835	65021940	3941	2655	8191	1693	1589	4704	1073	56	5998	992	777	2461	221	3813	3682	2699	1784	883	2139	939	2059	5363	4618	536	4780	1147	2019	5961
chr11	67283866	67284240	890	985	1414	939	1185	1103	616	29	1101	828	721	1418	50	851	1260	1087	1204	570	883	762	555	1085	845	139	867	420	1099	1465
chr11	69652308	69652367	970	1975	923	3735	4495	903	1180	53	1026	642	2333	4202	33	1364	2076	6753	2889	1011	3164	1042	66	898	554	53	685	84	5107	1502
chr11	75571881	75572038	9216	8612	16698	28617	13145	11711	5289	436	13537	6251	2816	10683	137	7795	14917	11308	7516	6984	7871	4470	57	7674	5725	258	7411	44	12921	13303
chr11	116863947	116864047	4	5	8	6	7	2	15	0	12	12	15	10	2	11	2	1	6	5	4	12	8	3	3	6	5	18	11	4
chr2	26940046	26940127	54	571	177	556	2073	98	701	17	116	450	691	2967	23	71	3595	2598	2202	280	2085	654	116	59	88	296	38	54	1330	42
chr17	28859072	28860544	1104	1446	1751	1297	1295	1642	336	10	1511	350	309	1568	63	1850	1442	1463	1153	224	1096	302	407	1382	1643	182	1143	340	1482	1427
chr1	39333952	39334050	1	2	0	2	6	5	12	1	3	2	9	2	38	0	0	4	5	5	1	6	20	0	0	39	4	25	5	1
chr1	75521850	75521927	0	0	1	0	3	0	1	0	0	0	0	5	2	1	2	0	1	0	0	1	9	0	0	8	0	5	2	0
chr1	193181215	193181305	0	58	1	851	153	1	61	0	0	21	38	5	11	0	25	47	93	24	41	22	342	1	0	75	0	158	160	2
chr3	122924657	122924715	0	0	2	0	0	1	0	0	3	1	0	1	0	2	0	2	2	0	2	0	0	0	2	0	0	0	0	0
chr5	116189439	116190059	1	0	1	2	0	0	1	1	1	5	0	0	0	3	1	1	0	1	2	1	5	0	0	1	2	2	0	0
chrX	150987795	150987838	719	388	818	281	579	575	108	5	789	56	172	667	15	792	254	675	569	49	540	76	45	1394	683	76	608	39	435	670
chr19	12613562	12614245	2	0	2	1	0	0	0	0	1	1	0	0	0	0	0	0	0	1	0	1	1	0	0	0	0	0	1	0
chr5	34907247	34907297	136	257	158	199	261	214	95	0	158	130	101	218	9	257	69	286	234	76	173	114	66	152	166	30	149	100	273	192
chr13	73691582	73691680	19	22	12	79	97	15	99	4	23	51	134	67	7	13	7	64	103	60	41	82	18	23	15	18	16	14	63	17
chr11	6403365	6403515	263	433	555	811	683	459	706	22	475	692	721	889	134	284	1152	1173	920	456	908	587	1555	400	272	360	284	1024	853	360
chr11	65855072	65855186	2696	4192	4917	4932	5961	3358	2645	142	3599	3389	2709	6259	846	3722	7093	6941	5958	2073	4185	2288	3299	2935	3482	2455	2828	4080	8322	3363
chr11	65855070	65855186	2702	4201	4931	4942	5973	3367	2644	144	3610	3398	2714	6272	852	3726	7107	6975	5993	2083	4198	2294	3313	2946	3488	2452	2835	4090	8341	3377
chr11	102398463	102398573	952	1812	958	1667	1598	1039	1311	45	1085	1713	1299	1409	55	834	178	2050	1285	1189	1328	960	107	1286	574	197	859	63	1682	1545
chr2	167646910	167646967	3	0	1	0	0	0	0	0	4	0	0	1	0	1	0	0	1	0	0	0	0	0	0	1	0	2	0	0
chr2	173112139	173112243	1	0	1	0	6	0	0	0	0	2	0	1	1	0	0	0	1	1	1	0	1	0	0	0	0	1	1	2
chr12	55716123	55716961	1704	2230	2081	2372	2519	2650	501	24	2101	326	403	3456	368	2327	4209	3750	2976	364	2784	501	1665	1997	2037	843	1814	1456	3406	2242
chr6	47920750	47925274	0	0	0	0	1	0	1	0	0	0	0	0	1	0	0	0	0	1	0	1	0	0	0	4	0	2	2	0
chr1	156669209	156669370	488	1076	1419	2133	4285	757	546	15	924	358	1078	4620	142	712	5897	6066	4673	339	3730	625	71	731	686	336	532	48	4071	783
chr17	7236128	7236167	1154	1277	1718	2716	1734	1480	267	6	1669	180	327	1852	105	1981	1560	1957	1728	184	1318	231	284	1336	1307	187	1162	240	1938	1395
chr17	35844571	35844792	247	666	969	251	491	377	1091	34	584	967	1156	832	229	365	502	359	554	969	292	1081	297	484	321	303	456	363	331	319
chr17	46704782	46704832	236	430	140	452	514	336	176	11	127	222	151	528	118	304	142	284	298	186	225	219	1203	135	183	126	101	871	421	262
chr14	74736035	74737220	637	679	920	668	674	1023	108	3	880	213	93	674	79	961	723	810	562	129	557	133	101	869	776	79	815	92	695	895
chr2	26391967	26392036	181	209	139	71	117	200	105	7	209	122	97	106	6	166	4	163	118	88	63	102	62	188	98	14	138	52	130	196
chr12	8790867	8790917	109	3	147	20	2	89	6	0	94	10	2	2	1	147	1	1	1	9	0	1	0	111	31	0	68	0	2	129
chr5	112715381	112715518	1	1	1	0	1	1	0	0	0	0	0	3	5	1	0	2	1	2	1	0	2	0	0	6	0	11	0	1
chr15	44528328	44528460	80	118	125	133	134	110	93	8	81	177	132	175	39	110	24	168	169	80	106	102	98	140	84	152	100	121	183	127
chr15	74544346	74544477	824	280	842	129	240	1175	32	1	863	77	63	348	3	1312	167	418	226	25	210	62	5	804	1156	15	677	9	278	1001
chr9	95476032	95476106	9	4	7	7	33	8	33	0	9	19	49	53	1	17	45	40	82	23	33	41	6	7	2	18	13	4	16	7
chr7	19698344	19698403	224	274	249	350	271	223	68	6	246	190	65	270	388	497	34	346	215	62	152	68	165	236	280	132	210	173	406	199
chr1	160997741	160997824	1562	603	2476	134	27	2124	342	21	2309	451	256	104	122	2348	64	256	62	751	111	288	24	2830	2042	54	2176	44	42	2159
chr10	42318486	42318591	0	0	0	0	1	0	1	0	2	1	0	0	0	0	0	1	4	2	0	1	12	0	0	23	0	14	2	0
chr19	4394368	4394791	3	7	11	3	9	1	4	0	3	9	2	5	10	6	5	5	11	3	4	4	5	4	5	5	1	11	10	6
chr19	56377943	56378054	147	143	177	160	219	270	153	5	246	151	132	164	35	250	28	236	199	119	135	123	98	238	148	45	149	118	258	244
chr19	58300167	58300241	150	174	282	144	147	223	84	4	237	81	95	171	5	235	123	282	231	80	183	85	34	273	204	46	221	33	185	230
chr13	19675539	19675639	28	15	57	38	38	15	85	8	35	190	82	47	37	62	7	39	38	98	29	74	94	43	17	68	22	121	40	54
chr3	69027899	69028294	2	0	1	4	0	1	2	2	0	37	12	2	10	0	0	0	3	7	0	10	6	2	0	4	2	9	6	2
chr3	88058087	88058129	674	864	701	1228	1228	974	524	27	810	554	442	1147	69	914	489	1352	1344	410	1025	415	180	964	591	107	627	126	1269	924
chr3	88100717	88100968	5	3	3	1	1	2	1	1	4	7	2	1	4	2	0	5	3	1	1	1	10	2	2	13	3	14	7	6
chr7	99479734	99479875	132	139	252	86	165	171	40	4	215	57	75	167	16	139	215	231	204	38	120	50	41	120	149	27	106	43	125	145
chr12	56734145	56738469	417	223	628	139	257	723	26	2	731	31	79	359	10	600	94	391	284	20	298	45	49	549	521	15	473	31	310	341
chr1	156673457	156673529	17	34	37	60	142	17	17	0	11	19	49	140	2	34	217	133	129	13	61	34	1	12	19	11	20	0	127	21
chr15	44526880	44526969	89	109	105	113	125	116	97	5	102	177	117	137	9	86	24	172	158	100	90	81	33	108	64	34	91	36	131	116
chr15	70048366	70048479	24	37	124	57	28	38	155	11	73	89	207	50	157	37	65	79	47	129	37	164	96	73	36	81	45	110	44	52
chrX	48482641	48482721	448	885	979	937	689	670	145	5	950	211	180	617	15	716	727	615	549	156	497	209	108	436	479	42	444	92	623	578
chr4	139388466	139388534	622	649	662	509	660	781	221	13	729	294	241	545	42	1087	58	519	357	221	316	207	164	691	655	108	561	143	668	635
chr4	145138484	145138563	214	317	268	217	218	285	255	7	295	202	186	179	14	351	113	164	177	160	146	160	29	314	223	29	255	41	175	249
chr11	3358897	3358994	429	340	343	217	287	535	108	2	447	111	152	290	132	657	24	389	311	87	183	86	174	470	390	134	355	189	301	540
chr11	59202660	59202769	3	4	1	2	16	1	4	0	0	6	14	36	0	2	20	22	51	4	23	10	0	0	1	3	1	3	5	0
chr11	61799767	61799901	705	925	1402	1350	1286	798	797	37	1023	851	1020	1748	260	1079	518	1541	1145	625	971	1035	374	662	765	487	435	472	1745	850
chr11	61799804	61799901	756	985	1490	1512	1445	880	842	41	1110	870	1025	1876	281	1170	700	1716	1245	657	1097	1082	391	700	859	482	455	494	1912	937
chr11	65855039	65855186	2780	4471	5196	5106	6316	3525	2829	159	3873	3680	2939	6677	960	3831	7425	7408	6383	2200	4362	2414	3571	3148	3492	2766	3045	4425	8736	3545
chr11	65855085	65855186	2731	4281	5008	5004	6070	3414	2617	145	3697	3324	2700	6447	827	3784	7075	6867	5960	2068	4147	2270	3316	3006	3555	2496	2949	4092	8413	3419
chr11	78494607	78496988	1	0	1	0	0	2	0	1	1	0	0	0	6	1	0	0	0	0	0	1	5	0	0	2	1	3	0	2
chr16	15700738	15700935	76	240	222	239	276	90	45	5	136	39	64	486	5	118	276	414	364	35	300	42	27	126	54	9	86	10	426	185
chr14	21092442	21093079	1183	717	2109	585	972	1561	233	7	1678	171	353	1655	6	1646	2725	2202	1678	146	1884	157	46	1796	1196	74	1519	33	975	1758
chr8	22565699	22565826	38	68	57	73	120	70	19	0	38	25	23	124	0	28	160	118	113	33	60	21	0	90	74	5	38	0	91	100
chr9	95942737	95942855	0	0	3	0	2	0	0	1	0	5	2	0	21	0	0	2	1	1	0	0	5	0	0	3	1	3	1	3
chr9	106861053	106861463	8	10	16	7	10	9	8	0	16	2	13	16	1	23	12	15	19	2	12	6	2	10	8	8	8	0	14	10
chr2	165682883	165683136	24	33	17	66	132	26	99	2	14	86	176	146	16	15	41	276	198	37	195	107	128	24	21	55	28	105	86	32
chr8	22090296	22090479	2	7	5	9	13	2	9	2	3	16	5	12	2	2	9	11	17	4	2	13	1	7	3	5	5	6	15	10
chr8	23135835	23135992	209	1535	313	2656	942	191	57	7	243	131	70	746	28	356	514	773	261	97	246	54	6	306	165	94	291	13	976	410
chr8	24914268	24914318	105	1123	122	619	3935	114	213	8	116	286	129	9687	35	127	3072	1932	3433	225	986	265	411	140	124	189	118	265	3865	83
chr11	70435573	70435725	843	1678	2581	1913	1701	1093	825	29	1917	815	1196	1939	228	1970	2194	2305	1485	785	1203	924	693	1199	1599	276	1076	632	2541	1051
chr9	121766583	121766673	195	260	367	530	460	219	309	13	290	307	235	513	17	311	611	584	565	190	435	228	56	215	265	49	185	68	413	187
chr19	4838996	4839196	952	1033	1933	3177	1750	1264	590	37	1422	573	665	1793	113	1067	1818	1911	1295	528	1258	520	101	1241	849	199	1007	93	2087	1676
chr19	6374609	6374670	66	102	58	36	96	91	15	0	38	26	13	161	5	47	87	56	47	7	52	9	10	33	71	11	35	7	127	114
chr2	73573200	73573259	166	130	219	112	173	202	88	0	249	31	116	182	18	321	78	136	144	29	135	55	42	167	187	38	148	38	139	116
chr7	19698345	19698403	225	271	249	351	275	224	68	6	247	194	65	272	390	497	34	345	215	62	154	68	166	237	281	134	210	174	407	198
chr7	19698342	19698403	221	271	249	338	274	221	70	7	238	185	65	264	376	493	34	343	208	62	149	69	164	229	281	134	208	176	399	193
chr7	44112748	44113024	154	335	435	929	481	154	1723	144	250	1794	1421	501	14	193	490	385	351	1741	263	2157	8	149	110	28	116	13	427	200
chr7	100430827	100431043	683	660	854	671	731	818	137	4	894	134	139	1003	11	1077	1513	983	796	118	600	137	129	778	761	63	652	91	988	889
chr7	141088402	141088453	1	0	1	1	0	0	0	0	0	2	0	0	5	0	1	2	0	1	0	0	5	2	1	12	0	23	1	1
chr6	117907209	117907429	12	18	15	21	35	32	9	1	15	9	13	47	0	4	39	57	42	7	41	7	3	9	2	4	5	2	26	12
chr6	125031023	125032637	0	0	0	0	0	0	0	0	0	0	0	0	1	0	0	0	0	0	0	0	1	0	0	0	0	3	1	0
chr6	126644174	126644255	1230	1459	1258	1094	1176	1522	137	7	1367	178	102	1171	71	1637	648	1173	777	152	705	128	183	1291	1214	137	1135	158	1226	1419
chr17	35844571	35844726	228	540	890	217	407	323	939	34	480	805	1004	731	193	343	445	288	445	813	275	914	288	411	292	261	401	343	273	280
chr17	35844571	35844936	266	640	1035	250	443	358	957	31	523	990	1168	818	228	425	479	364	527	876	300	995	336	440	365	286	451	356	367	305
chr4	139061936	139062073	106	78	67	138	60	116	96	4	92	102	132	83	28	136	13	85	94	67	72	85	27	109	87	29	59	29	74	119
chr16	15700738	15700944	69	234	213	233	263	92	43	4	130	38	62	473	4	113	265	406	352	35	297	41	27	125	53	9	85	11	419	173
chr16	18784745	18784805	621	840	848	605	524	858	300	8	748	379	267	502	79	718	484	699	577	334	522	289	67	869	519	108	678	45	463	878
chr16	21504488	21506001	3	1	4	0	4	3	0	4	5	15	4	6	59	2	2	0	0	3	1	2	8	2	0	20	5	17	1	7
chr12	55716130	55716961	1738	2256	2096	2411	2566	2686	512	25	2139	330	407	3511	376	2354	4353	3794	3021	373	2834	511	1693	2020	2062	857	1837	1476	3454	2266
chr12	75938802	75939597	0	0	0	1	0	0	0	0	0	0	0	0	0	2	0	0	0	0	0	0	0	0	0	0	0	0	0	0
chr12	79295381	79295476	1	3	2	1	0	0	1	0	5	1	4	2	14	1	0	2	7	0	4	0	7	1	0	7	0	18	3	0
chr14	33068643	33068823	0	1	1	2	7	0	0	0	3	0	0	7	23	0	2	4	5	0	2	0	13	0	0	19	0	20	9	0
chr16	21976170	21976232	10	4	4	17	8	5	22	2	9	60	48	6	6	12	1	6	10	30	10	26	4	8	5	6	8	10	16	13
chr4	103149206	103149295	86	59	134	49	123	92	19	0	91	12	110	127	11	87	3	82	125	9	70	15	7	88	55	28	62	6	79	70
chr4	139410530	139410587	1	0	2	0	0	0	2	0	2	2	4	1	27	0	0	0	0	2	0	1	17	0	0	16	0	13	1	1
chr4	150611017	150611096	0	0	0	0	0	0	0	0	0	0	0	0	0	0	0	0	0	1	0	0	0	1	0	2	0	1	0	0
chr9	97482881	97482938	27	6	35	63	11	37	68	2	34	54	100	33	16	35	14	41	18	56	22	48	161	28	29	49	18	151	39	40
chr9	119321934	119322004	0	0	0	0	0	0	0	0	0	0	0	0	15	1	0	0	0	0	0	0	3	0	0	6	0	6	0	0
chr9	124353430	124353464	12	66	25	99	122	14	237	2	25	95	181	64	21	16	111	66	96	126	66	146	19	17	15	18	18	15	94	10
chr6	38149521	38149555	1	5	4	7	9	1	3	0	2	7	2	2	85	2	2	0	5	3	2	3	29	1	2	68	1	38	4	5
chr6	38391565	38391659	1	0	0	0	0	0	0	0	0	1	0	0	40	0	0	1	0	0	0	0	17	0	0	21	0	24	0	0
chr6	117907209	117907488	6	9	0	3	13	10	2	0	4	1	3	15	0	2	7	7	11	3	9	0	1	3	2	2	5	1	6	7
chr6	124494044	124494095	0	0	0	0	0	0	0	0	0	0	0	0	25	1	0	0	0	0	0	0	25	0	0	25	0	20	0	0
chr3	37000122	37000225	1	0	0	0	0	0	0	0	0	1	0	0	0	0	0	1	0	0	0	0	1	0	0	1	0	0	0	0
chr3	85746015	85746088	0	0	1	0	0	0	0	0	0	0	0	0	13	1	0	0	0	0	0	0	5	0	0	11	0	12	0	0
chr3	123350871	123351012	0	0	0	1	0	2	0	0	1	0	0	1	0	1	0	0	0	0	0	0	0	0	1	0	0	0	0	0
chr1	71564968	71565079	1	0	0	0	0	0	0	0	0	0	0	0	1	0	0	0	1	0	0	0	17	0	0	7	0	14	0	0
chr1	75417741	75417783	0	1	0	0	1	0	0	0	0	0	0	0	3	0	0	0	0	0	3	0	2	1	0	7	1	5	1	0
chr1	179043666	179043736	96	141	99	107	159	127	37	2	99	42	47	114	4	76	84	143	145	31	120	33	34	131	89	7	117	28	118	143
chr7	43452958	43453005	0	0	4	1	0	0	0	0	0	0	0	0	8	0	0	0	0	1	0	0	26	0	0	26	0	20	0	0
chr7	130519811	130519876	0	0	1	0	0	0	104	6	0	414	130	1	797	0	0	2	5	81	0	150	326	0	0	564	0	299	0	2
chr7	130536909	130536982	0	0	1	0	0	0	61	0	0	104	42	4	206	0	4	3	5	47	1	60	186	0	0	333	0	250	0	1
chr7	130536916	130536982	0	0	1	0	0	0	59	0	0	102	40	4	202	0	4	3	4	47	1	60	175	0	0	328	0	235	0	1
chr5	32362602	32362676	1	2	0	3	4	1	0	0	3	4	1	2	6	3	0	7	5	0	1	1	6	2	0	3	1	1	2	3
chr5	76640996	76641085	215	107	132	57	333	155	173	2	204	153	106	222	2	186	38	115	309	134	146	136	1	187	118	19	114	0	193	144
chr5	103550315	103550411	119	69	76	37	59	152	141	6	83	123	98	92	4	48	3	66	106	91	51	123	36	107	67	14	66	31	61	171
chr11	73110604	73110722	1	0	1	5	1	0	3	0	1	26	10	1	80	0	0	3	4	4	0	16	71	0	0	133	0	75	3	1
chr11	114710186	114710249	0	0	2	0	0	0	1	0	1	0	0	1	21	2	0	1	0	0	0	1	10	0	0	33	0	6	0	0
chr2	73853721	73853794	10	22	7	15	35	17	5	1	8	8	4	24	12	15	5	8	10	8	6	3	2	1	10	6	4	4	16	12
chr2	158086487	158086555	0	0	0	0	0	0	0	0	0	0	0	0	42	0	0	0	0	0	0	0	12	0	0	59	0	8	0	0
chr13	66998417	66998549	0	0	1	1	0	0	0	0	0	0	0	0	63	0	0	1	0	0	2	0	77	0	0	87	0	79	0	0
chr13	95976481	95976599	3	3	1	0	2	0	1	0	3	6	3	3	12	1	0	1	4	1	1	4	17	1	0	9	0	29	3	2
chrX	74152231	74152291	2	0	2	2	0	0	0	0	2	1	0	2	30	2	0	2	2	0	2	4	34	1	0	68	3	62	1	4
chrX	102127137	102127288	614	7	1121	59	3	721	105	9	616	314	63	34	1462	120	6	33	19	70	20	192	3307	688	592	1241	657	3072	7	971
chr18	36796111	36796187	425	338	598	747	635	507	352	15	503	334	301	720	191	739	128	912	674	226	487	405	284	480	295	314	332	457	832	493
chr12	55716116	55716961	1669	2181	2020	2343	2453	2607	493	24	2048	317	400	3393	359	2276	4053	3683	2920	360	2737	495	1659	1958	1992	834	1785	1445	3356	2187
chr12	70292109	70292265	0	1	2	0	1	1	0	0	1	1	0	1	1	0	0	0	1	2	0	1	5	4	1	7	0	11	2	1
chr19	3575563	3575640	1293	1923	2314	1537	1387	1589	484	18	1604	412	544	1807	26	1321	1771	1543	1342	405	1190	468	100	1642	1780	167	1536	65	1409	1910
chr19	10919961	10920403	1138	1030	1788	1076	927	1449	288	12	1536	265	342	1016	9	1133	896	921	892	251	860	249	64	1255	1143	37	941	73	826	1131
chr6	138416334	138416414	14	7	22	5	9	13	20	1	17	16	18	11	1	13	2	3	8	13	5	16	1	33	13	8	17	4	11	14
chr16	4668632	4668743	5	13	19	12	16	6	19	1	11	33	14	13	39	11	24	16	8	25	9	19	15	8	9	30	6	21	8	8
chr7	19698336	19698403	207	261	239	321	264	213	73	7	224	187	66	249	352	470	33	336	201	61	151	74	159	217	278	130	187	172	382	185
chr4	75950553	75950650	275	308	345	252	216	423	164	7	368	173	173	226	67	470	29	259	200	139	148	172	144	376	265	33	299	146	266	239
chr3	76075737	76075865	11	1	12	0	0	6	1	0	6	0	0	0	0	3	1	0	0	0	0	1	9	18	3	12	3	12	0	15
chr17	7251647	7251686	92	205	208	161	194	164	32	2	146	22	29	260	8	173	337	229	277	13	151	31	33	198	174	39	122	39	230	149
chr11	46277850	46278058	22	29	36	252	55	53	54	0	36	31	36	12	0	16	57	41	38	58	17	66	2	49	40	3	31	2	100	59
chr11	59132371	59132460	28	1	35	11	5	55	17	0	33	14	18	12	5	34	6	14	9	13	7	10	9	36	34	18	30	2	10	51
chr2	37645327	37645470	222	559	408	925	625	481	173	13	378	334	218	545	27	382	349	1293	564	174	387	123	57	365	259	67	275	98	1446	384
chr2	178430839	178433432	99	97	160	183	151	172	39	3	125	123	65	182	17	78	84	195	125	31	155	82	30	94	94	39	75	35	150	95
chr16	18418398	18424303	158	203	540	453	245	174	446	21	356	757	358	275	37	299	351	214	188	418	138	551	946	201	181	209	148	825	499	203
chr8	104497814	104497966	174	296	174	1284	563	273	233	13	198	207	207	396	8	177	150	663	641	204	406	198	85	244	160	45	164	71	602	277
chr5	31526249	31526614	593	843	1077	606	738	682	383	14	1006	275	474	777	19	1114	893	768	685	283	655	385	96	682	1002	88	610	83	669	671
chr17	7352578	7352621	126	69	124	269	166	197	85	2	140	78	82	209	0	201	452	319	221	62	239	95	16	186	130	15	98	5	236	150
chr7	80743712	80743792	0	15	1	106	218	1	426	12	0	266	140	150	12	3	2	59	75	294	31	231	68	0	0	90	0	34	92	5
chr7	82285131	82285173	3	3	1	3	1	1	0	0	1	0	2	1	6	0	0	3	0	1	2	2	11	2	0	23	2	16	3	1
chr1	156294390	156294434	795	664	1848	1036	355	1085	456	24	1245	397	384	662	13	1368	472	631	304	395	394	463	106	1179	1033	25	943	97	524	1072
chr1	180973203	180973294	131	94	140	190	79	152	75	2	113	99	82	117	149	143	9	151	133	76	74	55	313	155	103	145	122	367	155	174
chr11	65855083	65855186	2616	4028	4728	4752	5751	3222	2477	137	3490	3142	2554	6094	804	3576	6822	6602	5674	1963	3987	2134	3137	2833	3318	2353	2746	3818	7993	3241
chr11	70435573	70435846	792	1671	2525	1907	1715	1016	809	32	1844	771	1113	1862	236	1692	2658	2256	1443	682	1209	874	651	1217	1403	279	1038	602	2306	1040
chr11	75571881	75571970	9338	8626	16652	29375	13228	11778	5443	438	13387	6265	2798	10770	136	8544	14372	10824	7432	7301	7919	4643	54	7583	6332	256	7494	44	13509	13007
chr11	118482032	118482489	20	44	78	22	45	31	141	9	57	169	142	75	348	30	82	54	67	108	39	146	148	34	62	288	33	177	57	29
chr6	30744395	30744458	1492	1003	1625	6122	2119	677	253	16	733	268	142	784	51	658	1334	1116	455	220	423	204	19	1291	460	25	1772	35	3864	4964
chr6	30895469	30895541	848	302	1446	1370	1140	1171	1085	36	1149	2026	1228	1580	8	1163	2654	1962	1527	1182	1215	1204	54	1277	1059	160	999	27	1416	1193
chr5	76637072	76637143	259	163	145	83	487	208	212	4	268	179	131	249	0	208	79	159	415	193	178	179	3	279	173	31	180	1	232	166
chr17	32929032	32929137	3	5	17	2	18	1	123	2	11	26	53	23	1	5	19	13	18	46	13	104	14	6	6	2	7	9	17	1
chr11	65855026	65855186	2690	4377	5123	4939	6147	3470	2644	150	3793	3486	2782	6500	995	3542	7430	7210	6175	2055	4245	2259	3465	3047	3191	2804	2966	4231	8364	3467
chr11	65855033	65855186	2660	4310	5036	4912	6104	3417	2689	151	3762	3506	2815	6446	937	3608	7257	7197	6183	2093	4220	2273	3447	3049	3253	2676	2943	4278	8381	3438
chr11	65855081	65855186	2631	4057	4769	4775	5801	3243	2522	136	3523	3201	2605	6137	825	3607	6779	6692	5726	1987	4060	2171	3188	2842	3337	2348	2750	3888	8059	3269
chr11	69641354	69641391	1627	4156	1813	4405	7461	1687	914	40	1790	448	1633	7991	33	2204	11528	11689	5027	754	6059	813	44	1269	1174	31	1314	43	7408	2576
chr7	45103458	45103639	72	178	169	115	153	99	25	1	114	47	34	164	7	170	145	101	119	24	80	32	9	71	89	7	71	13	152	70
chr7	100093311	100093371	1019	2511	2987	771	1954	1200	369	15	2230	397	921	3203	53	1369	2028	2670	1686	303	1804	368	199	1275	1076	170	1223	134	1979	1155
chr3	126998092	126998323	11	20	15	21	24	20	0	0	27	3	4	35	15	27	23	28	32	4	21	1	3	19	11	5	21	5	10	18
chrX	48482639	48482721	449	875	978	934	684	662	144	4	935	210	178	606	15	715	710	610	540	155	490	208	105	430	468	41	446	91	625	585
chr12	31282760	31282868	3436	2764	2893	1008	1449	4747	294	13	3415	267	405	1925	7	4440	672	2126	1491	288	1585	267	8	4718	4187	26	3672	1	1834	4745
chr12	110545902	110545982	219	335	191	286	234	321	127	12	247	163	93	183	0	267	132	276	244	105	150	100	56	297	236	31	279	23	275	309
chr4	99057759	99061178	1294	1187	1059	803	841	1276	222	17	1105	158	312	830	12	1368	235	674	618	206	463	206	107	1533	1221	29	1320	96	800	1307
chr2	69880664	69880766	72	91	89	41	73	92	120	9	107	102	95	90	47	120	36	48	51	98	47	89	128	92	89	63	83	150	71	89
chr6	43523767	43523883	303	670	594	321	443	379	195	7	615	157	230	448	28	530	304	522	437	148	356	177	67	422	340	57	329	59	460	293
chrX	74197178	74197362	69	44	114	83	51	40	103	1	81	100	109	72	108	111	9	49	65	99	38	88	368	64	57	237	49	410	60	57
chr17	46721879	46721919	7366	8708	8278	7815	5951	10176	3453	160	8362	2622	3362	5526	992	10971	4321	6377	5787	3228	5126	3011	1342	9846	8288	1021	7660	1023	5528	9426
chr17	46721879	46721922	7464	8799	8332	7883	5983	10261	3502	162	8411	2641	3396	5567	1000	11070	4342	6428	5845	3248	5196	3037	1353	9922	8359	1027	7719	1027	5582	9551
chr1	43990663	43990704	1419	2134	2153	2496	2350	1819	295	6	1738	250	280	2653	332	1607	4105	2492	2323	250	2054	245	1071	1617	1698	1372	1611	1196	2273	2065
chr14	55633236	55633333	0	0	0	0	1	0	0	0	0	1	0	1	0	0	0	1	0	0	0	1	2	0	0	1	0	1	4	1
chr14	74736035	74737211	635	674	919	666	675	1020	108	3	883	213	93	673	79	958	723	808	562	129	559	133	101	870	776	80	813	91	687	894
chr11	65855136	65855186	2662	4145	4721	4977	5886	3316	2471	138	3528	3306	2649	6333	660	3703	8274	6950	5945	1968	4202	2095	2914	2890	3577	2139	2752	3785	8189	3398
chr13	112882992	112883099	79	123	187	51	82	93	198	5	174	86	169	120	10	121	125	75	106	168	63	201	11	180	125	13	112	14	49	98
chr15	85580908	85581379	13	23	42	25	36	18	176	4	30	144	175	40	3	18	26	46	42	128	23	160	4	35	17	13	26	2	38	25
chr7	44468160	44468276	45984	70531	61551	48495	43052	65376	21275	956	50332	14691	17302	44889	8661	67427	46923	51308	47829	23225	40074	19136	12999	60275	58550	18597	46693	7825	42321	65350
chr7	102465814	102465933	204	387	441	343	442	268	46	2	390	55	77	470	2	271	818	544	387	35	366	63	31	327	307	13	235	11	462	320
chr7	128460986	128461124	138	100	142	71	101	53	44	2	134	174	61	121	33	100	93	124	146	71	116	57	14	128	93	56	112	11	85	135
chr9	121766583	121766693	179	236	374	478	433	215	284	7	274	258	218	479	19	297	586	547	522	186	413	218	49	194	244	49	162	65	409	179
chr15	75896757	75896819	3	4	0	4	2	4	1	0	1	5	5	1	1	3	0	2	4	2	0	4	2	2	2	0	2	2	2	2
chr1	58480896	58480959	100	84	117	50	58	135	60	1	122	77	67	52	50	100	5	63	59	63	59	75	59	128	82	27	101	64	41	118
chr14	59384725	59384783	1	2	0	0	0	1	10	0	1	19	6	1	71	0	0	0	0	10	0	7	45	1	0	64	0	62	0	0
chr14	69714723	69714778	17	76	66	202	74	18	227	6	44	271	176	98	105	34	70	145	147	232	141	133	161	31	22	148	19	213	116	34
chr7	92040867	92042079	4	11	14	8	29	4	243	19	13	236	274	22	58	3	5	17	23	218	10	288	65	13	7	97	12	47	17	14
chr4	44762475	44764618	0	0	0	0	0	0	0	0	0	0	0	0	4	0	0	0	0	0	0	2	0	0	0	0	0	1	0	0
chr4	99061015	99061178	599	575	555	416	409	626	97	6	553	86	129	432	7	624	120	361	321	84	220	83	51	774	582	19	672	44	390	670
chr4	145138523	145138563	176	260	207	164	157	244	226	7	255	165	152	153	16	267	104	138	147	124	122	128	26	244	167	24	208	38	126	218
chr4	150166483	150166635	0	0	0	1	1	0	0	0	0	0	0	0	8	0	0	1	1	0	0	0	4	0	0	15	0	2	0	0
chr4	150908251	150908317	0	1	6	0	0	0	2	2	2	12	0	0	0	4	0	0	0	3	0	1	1	2	0	3	1	0	0	2
chr17	32381031	32381083	58	64	144	63	77	51	67	1	132	144	202	95	164	66	3	63	87	87	54	119	134	65	30	111	38	166	65	79
chr17	46935341	46935433	59	50	57	123	91	80	33	4	78	31	25	66	18	80	32	84	64	24	51	59	16	67	53	10	52	14	98	76
chr11	59807742	59807799	1164	1203	1497	1032	842	1459	270	5	1629	223	279	843	78	1757	559	869	696	188	651	243	268	1262	1515	138	1020	286	975	1498
chr11	60709728	60709944	0	0	0	0	0	0	10	0	0	103	4	0	0	0	1	0	0	10	0	4	0	0	0	0	0	0	0	0
chr11	65855010	65855186	2706	4514	5242	5087	6237	3519	2717	145	3870	3527	2796	6667	1212	3496	7827	7353	6212	2107	4378	2305	3625	3065	3189	3141	3011	4438	8395	3570
chr11	69665926	69666019	41	60	75	65	70	63	45	2	76	41	88	77	51	92	90	89	74	40	36	69	45	39	57	45	26	58	97	41
chr12	69258628	69258861	2256	2440	3561	2075	2361	2624	454	6	3681	423	531	2955	38	3524	3068	3103	3071	339	2774	413	243	2686	2914	172	2814	169	2526	2903
chr6	17656445	17656550	8	6	7	3	4	3	11	2	5	48	7	1	12	1	2	3	4	9	5	12	6	4	2	8	3	5	2	8
chr6	30687309	30693636	2	6	17	1	9	8	3	0	14	4	6	5	2	4	17	6	10	6	7	11	0	11	3	2	4	0	2	5
chr6	143195316	143195412	11	5	5	7	2	12	54	3	6	49	45	6	5	13	0	1	8	51	2	56	23	16	7	13	13	20	4	14
chr19	11480400	11480451	1	2	0	4	4	1	2	0	0	6	0	3	7	0	10	14	8	0	5	3	8	1	0	1	0	7	1	2
chr19	39539031	39539082	467	406	515	668	547	635	344	2	478	208	248	592	136	718	62	731	548	216	458	284	529	523	434	195	376	608	623	714
chr19	42250092	42250140	16	57	22	101	57	9	34	1	16	74	51	58	1	35	82	46	53	36	28	53	7	18	29	6	14	4	68	15
chr19	43849625	43849775	13	29	12	29	36	31	10	0	24	11	16	27	2	33	10	32	25	11	12	17	9	9	26	5	11	15	41	10
chr19	48645848	48645973	248	104	627	144	77	335	654	21	607	492	546	144	971	462	162	142	248	430	143	532	2150	594	345	158	414	2273	108	332
chr2	24824894	24824944	14	26	77	26	60	25	6	1	61	11	18	73	17	41	92	75	54	4	62	16	6	32	22	9	24	7	55	32
chr2	37645324	37645470	224	558	410	920	626	480	172	13	375	338	222	545	27	384	347	1292	567	174	387	123	57	367	259	67	279	98	1452	383
chr2	69993813	69993865	14	11	22	7	12	10	9	0	11	5	18	11	9	11	10	15	12	13	4	5	18	15	8	29	10	22	7	22
chr2	113699920	113700060	0	1	0	0	0	0	0	0	0	1	0	1	0	0	0	0	0	0	0	1	0	0	0	5	0	2	0	1
chr2	148690234	148690303	157	177	152	284	216	201	145	10	171	270	168	230	65	190	127	263	349	163	179	178	58	218	144	45	162	67	200	173
chr2	165682883	165683073	28	47	22	80	160	36	125	2	17	89	181	180	18	21	47	360	236	49	232	120	142	27	29	68	29	118	119	51
chr8	91070407	91070448	50	94	40	34	82	62	71	5	50	84	58	71	6	80	8	46	48	53	29	53	6	63	57	5	45	11	43	43
chrX	150987206	150987838	1395	820	1587	647	1149	1261	232	8	1456	106	380	1333	16	1843	775	1298	1200	126	1084	165	97	2822	1507	126	1371	77	983	1355
chr10	97674836	97674879	302	456	462	650	387	341	1004	58	476	570	335	341	35	382	365	458	358	547	314	633	223	401	374	59	260	173	544	372
chr11	84905644	84905905	1	0	4	2	0	0	1	0	1	1	3	2	111	3	0	0	0	1	1	2	58	2	0	74	1	168	1	0
chr11	101991513	101991607	0	0	0	0	0	0	0	0	0	4	0	0	67	0	0	0	0	0	1	0	11	0	0	16	0	17	0	0
chr11	117702401	117702438	0	0	0	0	0	0	0	0	0	0	0	0	30	0	0	0	1	1	0	0	23	0	0	20	0	19	0	0
chr14	31168323	31168411	38	74	69	91	102	67	307	10	64	226	233	70	379	58	26	92	129	204	61	226	251	77	39	184	62	245	76	64
chr19	4197417	4197476	0	0	0	0	0	0	5	0	2	8	7	0	174	0	0	0	0	7	0	7	31	1	0	4	1	73	0	0
chr19	34672363	34672435	2	0	0	0	0	0	3	0	2	4	3	0	38	0	0	0	2	1	0	2	41	1	0	49	1	16	0	1
chr19	44132002	44132085	14	21	14	43	20	17	67	0	30	36	54	20	11	32	6	20	37	30	14	53	13	31	18	9	30	16	21	35
chr4	26340348	26340416	1	1	5	1	1	1	2	0	2	18	0	0	13	2	0	4	2	8	1	7	13	2	0	19	3	15	4	5
chr4	41635148	41635204	0	3	0	2	31	2	1	0	1	6	2	15	29	1	9	9	13	5	5	3	38	0	0	53	0	65	12	0
chr4	139410530	139410591	1	0	2	0	0	0	2	0	2	2	3	1	27	0	0	0	0	3	0	1	16	0	0	16	0	13	1	1
chr9	8946951	8947006	0	0	0	0	0	0	0	0	0	0	0	0	231	0	0	0	0	0	0	0	55	0	0	116	0	60	0	0
chr9	110108393	110109025	0	0	1	0	1	0	0	0	1	0	0	0	9	0	0	1	0	0	1	0	4	0	0	11	0	1	2	0
chr16	14188405	14188483	0	0	2	2	2	1	0	0	1	1	1	0	96	3	0	0	0	0	1	0	36	2	0	35	3	57	1	1
chr7	19698341	19698403	218	268	248	333	272	217	68	7	232	182	64	255	368	483	34	338	207	63	149	70	165	224	281	133	203	176	394	190
chr7	26371935	26371988	244	53	220	61	37	318	153	8	244	170	134	65	507	245	11	47	46	110	39	157	838	259	193	304	217	877	46	423
chr7	45614996	45615068	0	0	0	0	0	0	4	0	1	1	6	0	26	4	0	0	0	1	0	1	28	2	0	55	1	38	0	3
chr7	122595074	122595161	0	0	0	0	0	0	0	0	0	0	0	0	2	0	0	0	0	0	0	0	2	0	0	0	0	2	0	0
chr7	130536917	130536982	0	0	1	0	0	0	59	0	0	102	41	4	202	0	4	3	5	48	1	62	175	0	0	329	0	235	0	1
chr7	130536914	130536982	0	0	1	0	0	0	60	0	0	102	41	4	202	0	4	3	5	47	1	60	181	0	0	333	0	244	0	1
chr10	77593018	77593062	0	0	0	0	0	0	0	0	0	0	0	1	7	0	0	0	0	0	0	0	10	0	1	2	0	7	0	0
chr10	82670153	82670277	0	0	0	0	0	0	0	0	0	0	0	0	11	1	0	0	0	0	0	0	14	0	0	19	0	16	0	0
chr2	25467185	25467286	0	1	0	0	0	0	1	0	3	1	0	0	30	2	0	0	2	0	1	0	16	0	0	23	0	27	0	0
chr2	76807892	76807990	0	1	0	0	1	0	0	0	0	1	2	0	165	0	0	1	0	0	0	0	34	0	0	67	0	50	0	0
chr2	76857107	76857154	0	0	1	0	0	0	0	0	0	0	0	0	37	0	0	0	0	0	0	0	19	0	0	13	0	25	0	0
chr2	158058828	158071688	0	0	0	0	0	0	0	0	0	0	0	0	6	0	0	0	0	1	1	0	4	0	0	9	0	5	0	0
chr2	178395794	178395837	30	50	8	34	33	35	32	1	28	37	35	36	827	22	3	41	37	19	23	30	460	19	13	529	14	521	67	16
chr2	178395792	178395837	30	53	9	35	33	35	32	1	29	39	40	36	835	23	3	41	37	20	25	30	465	20	13	533	15	538	68	17
chr5	24550465	24550599	0	0	0	0	0	0	0	0	0	5	0	0	2	0	0	0	0	0	0	0	15	0	0	6	0	21	0	0
chr5	45498594	45498691	0	0	0	0	0	1	0	0	1	0	0	0	74	1	1	0	0	0	0	0	19	0	0	10	0	34	0	0
chr5	65659494	65659606	4	5	6	7	3	0	7	0	8	19	2	5	16	4	0	5	6	6	5	7	11	5	3	11	2	26	2	2
chr5	65659543	65659606	6	4	5	7	2	5	7	0	9	17	5	4	15	4	0	5	3	5	3	5	11	4	4	9	2	23	2	2
chr5	67747217	67747277	0	0	3	0	0	0	1	0	0	0	0	0	5	0	0	0	0	0	2	0	0	0	0	1	1	1	0	2
chr5	138611778	138611823	1	0	3	0	1	1	0	0	1	0	1	0	5	0	0	0	0	0	1	0	2	2	0	2	1	3	0	1
chr15	51789908	51789992	0	1	0	1	0	0	3	0	0	2	0	1	57	1	0	0	0	1	0	1	26	0	0	14	0	28	0	0
chr15	71981769	71981839	0	0	0	0	0	0	1	0	0	4	1	0	35	0	0	0	0	2	0	2	11	0	0	22	1	9	0	0
chr18	11882786	11882848	35	17	52	14	23	48	184	3	33	162	175	33	553	27	7	19	35	140	21	251	241	73	32	959	30	432	20	48
chr1	63585456	63585536	2	0	0	0	0	0	0	0	0	0	0	0	6	0	0	0	0	1	0	4	3	0	0	6	0	7	0	0
chr1	182301199	182301264	0	0	0	0	0	0	0	0	0	0	1	0	1	0	0	0	0	0	0	0	1	0	0	3	0	0	0	0
chr11	118398056	118398120	125	144	184	194	184	135	323	9	187	359	312	169	55	186	8	175	176	262	112	288	351	131	69	115	109	341	237	165
chr12	31282760	31282830	3601	2867	3021	1032	1506	4937	311	14	3566	280	422	2002	6	4585	705	2230	1554	297	1650	285	8	4950	4297	27	3817	1	1902	4946
chr5	36031082	36031151	24	0	33	0	0	44	3	0	29	0	0	0	0	26	0	0	0	0	0	4	0	32	19	0	20	0	0	22
chr5	136754840	136754914	335	172	423	2	40	111	1	0	146	0	14	52	0	4	85	44	89	9	129	12	2	38	97	14	164	1	151	31
chr6	43523779	43523883	308	715	632	338	453	408	192	8	637	158	236	498	29	545	322	568	472	156	379	178	68	448	350	58	362	61	489	306
chr1	150164754	150164813	0	3	1	5	5	0	1	0	2	2	0	6	0	1	1	6	10	0	2	3	0	2	0	1	0	0	5	2
chr14	24138197	24138236	147	171	210	133	111	188	235	9	163	264	170	236	34	124	238	255	168	214	176	202	34	190	111	43	102	32	169	239
chr7	101244217	101244296	6	10	18	7	5	2	3	0	9	3	2	13	0	4	17	6	13	1	6	3	3	4	2	2	6	4	4	4
chrX	102127137	102127190	599	8	1038	54	3	645	95	5	593	300	59	34	1103	102	6	28	15	55	18	165	2884	649	559	1079	643	2634	9	933
chr19	40736885	40738489	1	1	3	7	4	3	5	2	2	19	3	4	18	3	7	6	5	2	3	6	0	4	2	5	3	3	2	1
chr19	44088596	44088674	17	34	33	46	30	29	34	2	32	31	39	52	5	15	8	32	40	27	23	27	25	35	23	24	24	23	31	29
chr19	48796468	48796504	452	535	782	665	367	631	224	11	646	359	276	591	44	775	768	716	400	295	511	304	53	644	510	60	443	63	469	450
chr19	55091093	55091135	538	714	1338	1146	1003	790	268	21	1092	382	413	1200	193	821	1308	1138	1143	219	841	277	1004	649	528	265	611	847	1047	765
chr17	7236128	7236192	1206	1261	1779	2841	1821	1508	298	8	1779	183	320	1911	121	2024	1544	1987	1756	174	1326	236	297	1384	1347	187	1174	245	1969	1416
chr17	7932246	7932387	92	136	172	104	183	115	51	0	118	74	103	288	10	91	188	189	216	30	170	73	18	140	109	26	134	12	125	118
chr15	44561890	44561966	206	379	323	444	436	291	369	11	278	461	357	427	203	386	43	378	309	330	174	293	276	261	194	170	250	368	608	290
chr11	49827246	49827330	0	0	0	0	0	0	0	0	0	0	0	0	9	0	0	0	0	0	0	0	15	0	0	10	0	23	0	0
chr11	49827246	49827298	0	0	0	0	0	0	0	0	0	0	0	0	16	0	0	0	0	0	0	0	19	0	0	11	0	25	0	0
chr11	57771468	57771585	7	1	17	3	7	4	4	0	19	9	6	4	14	5	2	13	7	7	3	10	25	8	1	74	3	50	8	3
chr11	106000036	106000074	32	18	31	18	28	33	100	8	22	87	132	12	8	24	1	26	18	93	17	81	39	22	16	17	24	39	29	26
chr9	69428575	69428736	2	33	4	65	84	4	91	4	8	61	168	58	36	6	26	55	58	66	26	66	301	11	1	142	2	313	76	4
chr9	73038581	73038622	0	0	0	1	0	0	0	0	0	0	0	0	9	0	0	0	0	0	0	0	4	0	0	9	0	10	0	0
chr9	105395666	105395799	28	18	40	33	20	57	108	7	30	125	97	27	22	33	11	32	24	104	29	118	179	43	28	100	25	161	28	51
chr1	180973203	180973295	130	94	137	187	77	150	75	2	111	97	82	115	149	142	9	148	131	77	74	55	310	155	101	144	122	363	153	174
chr13	66998446	66998549	0	0	0	1	0	0	0	0	0	0	0	0	64	0	0	1	0	0	2	0	78	0	0	85	0	80	0	0
chr19	4197255	4197338	0	0	1	0	0	0	2	0	0	4	9	0	106	0	0	0	1	6	0	9	30	0	0	10	0	67	0	0
chr19	17642379	17642492	3	0	5	1	0	1	1	0	5	3	1	0	6	2	0	2	0	4	0	5	13	4	2	9	2	12	0	3
chr19	40609040	40609201	31	31	86	94	33	25	148	19	40	217	332	70	99	16	19	67	108	162	66	211	18	56	17	80	24	28	28	60
chr19	45640237	45640425	0	0	2	1	0	1	5	0	0	13	11	3	75	1	0	1	0	3	1	15	19	3	1	15	1	23	1	0
chr19	57753304	57753471	144	144	117	241	174	155	170	2	168	100	133	177	29	208	113	285	255	108	169	118	44	188	121	43	133	35	208	155
chr6	97118793	97118880	0	0	0	0	0	0	0	0	0	3	0	0	14	0	0	0	0	0	0	0	28	0	0	6	0	16	0	0
chr17	34052518	34052562	1	0	0	0	0	0	0	0	2	0	0	0	86	1	0	0	0	0	0	1	44	0	0	17	0	40	0	0
chr5	21739010	21739092	0	0	0	0	0	0	1	0	0	0	1	0	4	0	0	0	0	0	0	1	45	0	0	6	0	31	0	0
chr12	111184337	111184402	0	0	1	0	0	0	0	0	0	1	0	1	64	3	0	0	0	2	0	2	7	1	0	24	1	14	0	1
chr2	26388353	26388491	3	9	9	5	7	7	4	0	9	8	7	6	1	12	1	5	2	7	5	15	1	5	3	6	5	7	4	0
chr2	32418345	32419047	1	2	0	0	3	1	1	0	2	1	0	2	0	2	2	1	2	0	3	2	1	0	0	4	1	4	0	2
chr2	76885053	76885124	0	0	0	0	0	0	0	0	0	0	0	0	7	0	0	0	0	0	0	0	6	0	0	8	0	5	0	0
chr2	91560807	91560911	0	0	0	0	0	0	14	1	0	75	6	3	6	0	0	0	0	34	0	40	55	0	0	76	0	126	0	0
chr4	65323887	65324023	2	0	0	4	4	0	42	0	0	20	50	0	13	0	1	0	3	6	0	29	41	0	0	12	1	46	5	0
chr4	122885726	122885813	2	0	1	0	2	4	5	0	2	5	4	4	19	3	1	2	5	2	1	6	20	7	1	27	3	17	3	0
chrX	12136326	12136400	0	0	0	0	0	0	0	0	0	1	0	0	30	0	0	0	0	0	0	1	18	0	0	2	0	22	0	0
chrX	37839369	37839418	36	66	33	1	39	55	195	17	33	230	275	53	131	0	2	61	16	151	17	179	653	48	32	76	38	713	109	59
chrX	102127137	102127360	500	6	870	50	3	547	69	3	506	246	50	30	991	88	6	23	13	48	14	129	2514	529	438	947	574	2403	6	730
chrX	103609196	103609303	163	204	372	410	226	492	879	41	485	766	547	366	533	231	227	269	391	437	211	490	1275	447	498	356	355	1048	307	315
chr4	83460994	83461185	131	167	167	99	95	168	146	7	127	83	174	115	17	137	20	126	109	93	87	157	69	225	73	21	164	59	96	130
chr11	3370851	3370968	75	82	102	47	65	69	12	1	147	32	27	60	4	65	49	62	83	15	53	17	10	66	48	20	70	10	33	110
chr11	65855137	65855186	2648	4132	4705	4965	5871	3306	2446	137	3507	3284	2634	6304	661	3689	8286	6930	5946	1965	4208	2074	2909	2873	3565	2111	2740	3783	8159	3398
chr11	103078196	103078238	9	8	5	7	7	4	2	0	16	7	1	3	7	1	0	3	5	3	3	2	6	4	3	13	3	12	5	8
chr11	110230431	110230488	277	396	384	612	737	452	319	8	519	340	440	754	22	277	88	1198	883	231	590	291	75	363	152	90	291	70	674	334
chr7	100706894	100707304	1069	1704	2012	1313	1490	1675	244	24	2021	334	194	1567	67	2012	1984	1881	1005	211	1217	244	461	1275	1604	123	1166	485	1496	1468
chr17	7236128	7236173	1232	1327	1842	2877	1845	1555	290	6	1769	190	350	1961	113	2083	1675	2077	1835	188	1392	239	300	1426	1383	198	1225	249	2037	1481
chrX	101102295	101102367	86	94	135	117	173	93	10	0	115	16	34	163	0	175	7	146	126	1	95	8	4	96	54	2	59	5	153	104
chr19	38931076	38931110	342	578	418	255	316	363	40	6	559	68	23	208	7	828	262	265	128	48	152	43	47	344	450	20	322	19	399	342
chr19	46044757	46044829	0	0	0	2	0	0	3	0	0	0	0	0	7	1	0	0	1	0	0	4	5	1	1	7	0	6	0	0
chr17	7932246	7932314	113	159	205	132	223	131	64	1	178	69	90	322	13	97	216	217	293	26	200	61	23	169	97	30	156	13	152	174
chr11	34083470	34084083	4	1	11	5	4	0	7	2	6	20	7	6	6	6	8	8	13	7	7	4	5	4	5	11	3	5	11	8
chr9	107331397	107331444	41	87	122	151	147	69	114	5	100	122	151	218	40	83	152	157	144	102	96	107	169	69	109	89	69	181	252	76
chr6	18235348	18235397	1	1	0	2	2	0	5	0	0	8	3	1	3	2	0	0	3	1	2	5	0	0	1	4	1	4	3	2
chr5	138187721	138187862	218	277	250	228	239	296	134	11	232	228	186	278	31	222	18	274	251	135	154	152	74	343	163	106	234	80	261	278
chr5	138766708	138766807	2	0	0	1	2	2	0	0	3	6	0	3	5	2	0	1	5	2	2	2	3	2	1	6	4	3	2	2
chr3	127573326	127573445	200	390	399	372	280	329	269	26	282	458	227	462	122	217	509	469	390	257	358	286	169	230	183	216	235	151	476	297
chr2	27027038	27027140	39	66	136	260	158	76	163	8	83	276	146	221	346	56	252	423	388	170	183	177	1928	49	45	1168	32	1900	297	25
chr2	27241151	27241385	761	918	1739	436	574	844	178	24	1459	271	239	679	6	1187	712	452	435	225	410	256	14	830	746	21	641	25	549	871
chr2	69465344	69465588	20	42	46	105	55	39	87	6	39	97	74	51	14	52	44	63	50	78	46	67	13	21	42	15	16	21	63	25
chr10	14133895	14133940	0	0	2	0	2	0	0	0	1	6	1	1	22	0	3	1	1	0	1	0	20	0	0	19	0	21	3	0
chr10	97714856	97714976	410	514	563	868	548	444	423	8	443	147	357	431	1	397	533	429	431	208	269	288	5	401	284	5	371	6	505	590
chr12	55719151	55719583	2801	3214	3450	3527	3814	4618	878	35	3352	481	663	5206	731	3875	6303	5638	4743	557	4144	795	2411	3173	3530	1433	3045	2050	5131	3804
chr12	69258628	69258675	1730	1797	2549	1587	1744	2060	348	7	2745	333	403	2149	28	2516	1892	2340	2204	263	2019	312	175	2091	2010	115	2045	149	1848	2230
chr13	110903528	110903614	273	234	336	147	195	318	333	20	355	375	446	198	11	304	59	264	302	317	221	341	20	347	180	25	269	44	160	246
chr7	102190469	102191902	0	0	6	1	1	0	0	0	3	0	0	0	0	2	0	3	3	0	1	0	0	0	2	2	2	0	1	2
chr18	36796645	36796743	1740	1658	2645	2884	2905	2235	930	20	2498	742	772	3433	87	2613	3528	3928	3108	495	2832	854	624	2018	1615	240	1603	502	3004	2179
chr12	56511507	56511548	1229	1217	1191	561	860	1268	438	21	1294	589	389	747	57	1375	311	723	553	522	465	434	104	1765	1179	75	1644	62	907	1768
chr11	59132407	59132460	25	1	33	10	5	49	13	0	33	12	16	10	6	32	5	14	9	10	7	11	10	33	33	15	28	2	8	43
chr11	69432795	69432853	1	0	0	0	0	2	0	0	1	0	0	0	0	0	0	0	0	0	0	0	0	0	0	0	0	0	0	0
chr17	28769529	28769720	4	1	3	1	0	1	2	0	3	2	0	0	9	1	0	1	1	0	0	0	7	1	1	7	0	9	0	2
chr17	66690268	66690424	1	8	4	9	4	2	0	1	2	3	2	2	11	8	0	1	4	1	1	5	4	1	1	16	1	14	6	1
chr4	137521493	137521572	489	1047	184	818	1292	911	303	4	225	327	167	505	5	700	1413	1144	3335	198	1513	258	13	735	222	37	440	12	605	420
chrX	102127137	102127329	575	7	993	55	3	629	86	6	518	291	48	33	1269	98	6	34	15	57	17	168	3007	603	521	1092	591	2754	7	866
chr2	135938342	135938422	11	4	8	3	7	5	4	1	6	8	6	6	37	9	2	7	7	1	2	3	23	12	2	23	4	20	2	10
chr5	76637072	76637163	189	118	108	72	366	160	159	3	186	139	96	160	0	157	56	116	311	152	138	145	3	215	117	25	137	1	158	128
chr10	80154473	80154542	10	8	24	7	5	5	114	4	12	73	73	7	78	6	6	14	3	93	10	68	123	15	13	4	15	121	3	12
chr11	43444831	43444937	16	10	11	10	8	19	46	2	12	83	85	11	2	30	2	10	20	56	6	56	8	23	13	13	29	16	11	30
chr11	65021777	65021940	3860	2605	7752	1636	1511	4527	976	59	5663	955	717	2400	179	3419	3382	2588	1672	843	2037	909	1834	5113	4137	469	4539	1037	1925	5772
chr5	72203564	72205129	33	165	178	225	348	86	406	2	154	419	347	315	69	98	373	592	412	288	287	401	543	64	68	428	48	461	383	55
chr19	23932717	23932800	2	5	10	0	8	4	0	0	27	0	2	0	0	0	0	2	5	1	5	2	0	25	4	0	7	0	2	3
chr1	38036274	38036344	1	0	3	0	0	0	1	0	0	2	0	0	0	1	0	1	1	0	0	1	0	0	0	0	1	0	2	0
chr1	40465811	40465864	74	92	69	80	60	134	31	0	102	14	29	63	8	107	30	76	97	13	55	28	38	106	82	24	45	72	96	110
chr1	165663509	165663565	1	0	2	0	1	1	1	1	4	1	0	1	1	3	3	1	6	0	1	4	1	1	0	1	0	0	1	0
chr15	48151476	48151560	42	36	55	30	56	53	31	6	40	82	63	48	18	38	24	70	87	43	38	38	28	56	25	18	34	26	61	24
chr9	105516630	105521039	39	20	28	38	38	48	67	3	46	48	45	34	8	38	6	57	57	43	27	43	24	47	27	18	21	26	26	40
chr2	27027054	27027140	40	67	133	269	152	78	168	8	91	281	151	217	376	61	270	421	389	174	189	179	2008	47	43	1296	27	1989	308	25
chr2	41670271	41670900	0	0	0	0	0	0	0	0	0	0	0	0	0	0	0	0	0	0	0	0	0	0	0	0	0	0	0	0
chr2	65526415	65526496	0	0	0	0	0	0	0	0	0	0	0	0	10	0	0	0	1	0	0	0	3	0	0	4	0	10	0	0
chr2	76807914	76807990	0	1	0	0	1	0	0	0	0	1	2	0	188	0	0	1	0	0	0	0	39	0	0	74	0	47	0	0
chr2	91562844	91562906	0	0	0	0	0	0	13	0	1	20	0	1	0	0	0	1	2	14	0	21	0	0	0	5	0	5	1	0
chr2	178395793	178395837	30	53	9	34	33	35	32	1	29	37	37	36	833	22	3	41	37	20	25	30	464	19	13	531	14	526	67	17
chr16	56770144	56770212	2	1	2	3	1	1	1	0	3	1	3	4	1	2	2	1	1	0	0	1	3	0	1	4	2	8	3	5
chr14	70563683	70564849	3	1	4	2	1	1	2	1	5	4	3	5	44	2	1	3	5	3	1	1	39	0	0	45	1	40	0	0
chr17	6947912	6947977	4	0	8	0	0	3	0	0	3	0	0	0	4	3	0	0	0	0	0	0	4	3	1	9	1	12	0	1
chr17	43568787	43568875	0	0	0	0	0	0	0	0	0	0	3	0	3	1	1	0	0	0	0	0	2	0	0	0	0	2	0	0
chr10	21986208	21986814	0	0	0	0	0	0	0	0	1	4	0	1	23	1	0	1	1	0	0	0	16	0	1	15	0	13	0	1
chr10	88174934	88175038	1	1	1	1	0	0	0	0	0	0	0	1	76	0	0	0	0	0	0	2	46	0	0	19	0	46	0	1
chr6	42629274	42629400	1	0	2	0	0	0	2	0	4	5	1	2	13	1	2	2	1	1	0	0	9	3	0	12	0	12	0	2
chr1	17696875	17696995	639	830	1089	445	532	833	264	10	962	197	325	824	32	678	672	772	678	134	639	229	130	717	498	88	419	80	431	556
chr11	120450508	120450590	0	2	4	0	1	0	0	1	0	5	1	1	6	5	0	0	2	3	0	0	20	2	0	30	0	28	2	1
chr4	144779626	144779715	0	1	0	0	0	0	0	0	0	2	0	0	5	0	0	0	0	0	0	2	15	0	0	9	0	13	0	0
chr9	95935577	95935651	0	0	1	1	1	0	0	0	0	1	0	0	5	0	0	3	3	0	0	0	6	2	1	1	0	7	0	1
chr3	116297080	116297130	1	2	2	1	4	0	0	0	3	3	1	8	9	1	1	2	4	0	2	0	39	0	0	55	0	73	6	0
chr3	127687460	127687581	0	0	0	0	0	0	2	0	0	1	2	0	5	0	0	0	0	1	0	1	5	0	0	4	0	3	0	0
chr12	86140096	86140176	0	0	0	0	0	0	0	0	0	0	0	0	15	0	0	0	0	0	0	0	7	0	0	16	0	7	0	0
chr5	74628042	74628119	93	406	176	1640	1817	74	935	10	174	312	418	1200	405	105	584	2195	1466	565	881	438	9731	57	85	912	62	14213	2165	180
chr5	143388986	143389081	1	2	0	1	1	0	0	0	2	0	1	1	55	1	0	1	2	0	0	1	29	0	1	23	0	38	1	0
chr7	44227681	44227777	0	0	0	0	2	0	0	0	1	0	1	0	5	0	1	0	1	1	0	1	3	0	0	8	0	16	0	0
chr7	45722655	45722721	49	46	91	8	22	39	105	2	64	35	147	29	164	61	24	23	20	55	30	50	1674	83	30	697	31	1985	22	45
chr19	4197429	4197476	0	0	0	0	0	0	5	0	2	8	6	0	171	0	0	0	0	5	0	7	29	1	0	3	1	68	0	0
chr14	54478102	54478138	430	352	376	607	510	583	188	11	511	190	180	401	36	483	41	589	484	121	333	160	140	432	279	37	369	81	461	519
chr14	64782396	64782545	1	1	9	3	1	9	11	1	5	13	4	0	14	4	2	4	0	9	1	11	38	1	1	31	3	39	6	0
chr17	7927080	7927129	1	17	7	9	8	0	8	0	5	8	17	11	2	2	2	3	9	7	8	21	8	7	1	4	4	2	4	11
chr17	8173009	8173138	30	34	67	41	58	33	83	2	55	107	111	105	6	47	21	105	115	59	82	104	40	29	31	16	26	29	72	38
chr17	28329048	28329095	54	81	84	52	94	68	97	7	80	325	143	71	31	121	12	128	92	132	80	177	115	52	49	68	55	94	76	50
chr17	32929776	32929854	3	7	6	7	10	3	51	0	5	21	35	23	1	4	15	10	12	25	3	48	3	2	4	1	6	3	7	3
chr17	35844571	35844855	330	835	1321	307	578	486	1291	33	774	1279	1393	1104	265	504	556	469	729	1131	368	1268	418	592	444	335	591	453	398	366
chr9	114597718	114597794	3523	3972	4457	5933	4732	4791	2550	162	4519	3518	2380	4586	446	6062	2973	6237	4732	2365	3533	2416	1468	4024	4331	676	2780	1457	6129	4331
chrX	78126136	78126203	559	304	499	172	245	250	983	72	295	2036	823	305	379	220	23	270	174	1017	88	1144	1179	1516	597	324	1173	1421	387	1274
chrX	78129324	78129380	15	32	17	10	23	8	94	6	6	239	46	30	13	4	9	32	28	91	14	117	35	32	13	19	26	31	27	32
chr19	37599694	37601048	2	10	1	6	10	0	68	4	0	59	64	6	31	1	3	24	23	43	12	58	136	3	1	52	3	122	3	1
chr19	44107204	44107287	102	181	120	211	180	108	175	2	148	142	196	140	48	195	85	207	244	128	133	151	98	123	104	87	76	106	137	122
chr19	44107203	44107287	103	180	120	211	180	108	175	2	147	143	196	139	47	193	88	208	244	128	134	152	98	122	104	88	79	108	138	122
chr19	48645848	48646028	209	85	518	110	65	280	547	18	510	413	476	117	847	391	152	125	213	370	120	449	1819	508	289	129	341	1969	99	273
chr19	58266958	58266998	20	12	22	16	18	20	27	1	26	39	58	13	39	17	20	17	16	43	15	28	37	24	29	18	25	39	17	15
chr5	87666257	87666338	0	0	0	0	0	0	1	0	0	0	0	0	0	0	0	0	0	0	0	6	0	0	0	2	1	2	0	0
chr5	135345918	135346089	20	48	45	46	46	17	20	0	34	44	52	59	6	25	21	53	58	40	22	21	8	20	14	19	11	12	39	42
chr5	141975715	141975764	1	1	2	6	3	0	10	0	2	5	4	1	3	0	0	3	5	3	1	3	24	2	0	5	1	6	4	2
chr5	146751596	146751694	2	0	0	0	1	0	0	0	0	0	0	0	5	0	0	1	0	0	0	1	7	0	0	3	1	7	0	1
chr5	147615015	147615128	5	0	5	3	1	1	3	0	6	5	4	3	0	5	0	0	2	2	0	7	6	5	3	12	2	4	1	2
chr6	35287140	35287346	4	7	10	12	9	4	15	1	6	38	34	22	15	10	5	12	19	26	11	30	10	10	3	2	5	5	12	1
chr2	25234129	25234179	232	162	517	223	235	296	396	15	434	285	540	259	345	397	67	254	263	270	159	381	100	319	334	227	271	90	311	246
chr2	121337772	121337821	4	12	20	16	21	2	23	0	10	25	32	13	114	6	0	12	24	18	12	27	100	7	6	165	5	133	20	9
chr7	44112748	44112846	123	310	398	871	455	139	1475	108	226	1436	1121	460	13	162	484	359	307	1442	247	1782	8	141	99	22	96	10	364	188
chr7	139525782	139525894	0	0	4	0	0	0	1	0	4	0	0	0	7	0	0	0	0	0	0	1	4	1	0	4	0	6	0	0
chr3	127687520	127687581	0	0	0	0	0	0	0	0	0	2	2	0	1	0	0	0	0	0	0	1	3	0	0	3	0	4	0	0
chr1	93319878	93319959	1	2	1	0	0	1	14	1	1	13	25	1	4	0	0	1	2	6	0	11	10	3	1	5	1	7	0	1
chr1	153752060	153752177	3	0	3	1	0	2	8	0	2	24	9	5	1	1	0	0	0	13	2	15	1	3	1	3	2	0	5	3
chr1	184795234	184795305	69	287	125	146	23	149	190	5	137	41	139	13	13	70	14	21	53	91	7	109	6	69	93	4	28	6	55	40
chr11	62882020	62882992	1294	1544	2392	1663	790	3568	1876	244	2130	3935	1670	829	166	1954	1048	858	695	1927	512	2230	164	1711	1621	317	1395	113	1129	1622
chr11	67283866	67284239	889	992	1421	943	1187	1104	618	29	1104	829	722	1419	50	849	1265	1087	1204	571	883	762	555	1086	846	139	867	419	1101	1471
chr11	70435573	70435696	829	1586	2472	1844	1666	1071	789	29	1898	826	1199	1846	224	1813	2199	2243	1490	755	1187	901	632	1176	1492	267	1064	592	2310	1058
chr11	72690035	72690114	31	20	40	15	10	10	30	4	34	62	66	23	1	48	19	2	22	62	5	57	5	26	28	5	28	2	14	28
chr13	41056554	41056602	2	1	4	0	1	2	1	0	1	5	3	0	2	0	0	0	1	1	2	3	3	0	2	6	0	2	2	7
chr13	98887798	98888465	5	36	5	18	4	7	51	3	6	9	30	3	25	5	0	3	5	17	4	16	15	7	4	16	1	24	6	2
chr13	112883013	112883099	74	117	176	50	82	90	192	4	162	82	166	114	7	112	123	65	107	166	60	206	10	173	121	12	112	15	49	100
chr2	27241163	27241385	676	817	1537	384	523	719	150	19	1303	229	222	627	4	970	658	410	374	209	363	247	14	742	630	14	555	23	467	765
chr2	117903242	117903292	0	0	1	0	0	0	1	0	0	4	0	0	0	0	0	0	0	3	0	1	0	4	1	0	2	0	1	1
chr2	152415723	152418231	0	1	4	0	1	1	1	0	1	0	1	3	3	2	0	4	0	0	0	0	12	0	0	12	1	23	5	1
chr9	107331409	107331444	38	86	119	143	143	67	111	5	96	117	148	208	39	80	146	146	140	101	95	100	160	66	104	86	70	175	239	73
chr9	110251148	110253345	2	6	4	4	2	3	3	1	3	29	3	3	2	7	0	2	1	6	1	6	7	5	1	10	2	9	5	8
chr3	88163088	88164144	26	20	35	26	33	21	36	3	25	115	41	40	15	22	1	53	34	39	35	41	23	21	13	30	21	30	41	27
chr6	30744395	30744469	1371	928	1485	5676	1941	623	238	14	646	251	134	724	47	602	1236	1018	416	201	388	181	17	1187	421	22	1622	32	3541	4583
chr18	35249813	35249868	2	0	2	0	2	4	12	0	1	20	15	3	6	0	0	2	1	17	2	13	5	4	0	4	1	2	0	5
chr19	10256733	10256817	353	618	973	436	482	529	221	14	799	305	183	554	45	463	793	623	367	206	418	196	274	507	388	48	445	162	547	571
chr19	38652112	38653361	1	1	0	0	1	0	4	0	1	9	1	5	35	2	2	1	1	1	2	3	10	3	0	13	0	11	4	2
chr14	24150062	24150138	114	118	167	140	85	117	61	1	157	74	82	143	16	144	171	125	130	50	110	68	11	95	127	4	88	5	148	89
chr5	145573309	145573462	0	0	1	0	0	0	0	0	0	0	2	0	12	0	0	0	0	2	0	3	1	0	0	8	1	9	0	0
chr8	94650348	94651406	5	0	10	0	0	1	0	0	3	0	0	0	0	4	0	0	0	0	0	0	0	1	0	0	2	0	0	3
chr7	26371941	26371988	245	50	220	60	38	311	160	8	240	183	141	68	515	248	11	46	48	114	39	163	853	261	198	301	211	892	45	430
chr7	127579974	127582008	67	61	80	127	107	117	75	4	88	80	64	82	10	91	97	105	78	63	61	53	20	76	70	7	56	14	105	73
chr10	78039766	78039942	367	401	550	252	259	300	124	12	488	258	160	191	28	686	74	123	119	199	87	182	90	384	370	57	325	99	220	329
chr2	27241995	27242701	876	1171	2271	541	757	1027	248	17	1768	280	285	945	13	1161	656	551	460	250	493	301	31	991	646	33	933	22	546	1050
chr2	127056305	127056333	38	107	151	79	105	33	82	2	149	74	180	92	23	138	121	113	233	56	90	91	52	42	51	35	33	74	101	21
chr2	135741888	135741983	628	774	507	974	846	800	243	5	486	248	181	872	25	637	463	649	620	185	509	260	103	513	720	64	440	69	942	1105
chr19	3979617	3979817	25234	30589	35009	15146	13447	28014	12118	473	27983	8617	9286	15707	473	25072	24394	19455	18351	11327	16712	9313	1597	31934	25415	1078	25836	1182	11855	27125
chr19	48796468	48796506	452	535	782	665	367	631	224	11	646	359	276	591	44	775	768	716	400	295	511	304	53	644	510	60	443	63	469	450
chr14	49768374	49768408	413	578	516	582	630	683	297	18	599	350	230	653	14	421	640	697	659	230	526	322	167	533	462	73	438	110	463	645
chr7	19698335	19698403	207	261	239	321	264	214	73	7	225	187	66	250	352	469	33	337	201	61	150	74	159	218	278	130	187	172	382	187
chr7	44882867	44882967	12	12	30	17	24	7	206	7	19	178	153	19	9	11	6	23	13	112	11	186	13	35	9	5	22	7	31	20
chr7	49770948	49771030	0	0	0	0	0	1	0	0	1	0	2	0	0	0	0	1	0	0	0	0	1	0	0	1	0	0	1	0
chr15	74544346	74544438	938	313	952	141	265	1330	33	1	982	82	68	402	4	1433	208	477	259	29	239	63	4	907	1219	16	755	7	295	1113
chr11	61803489	61803641	32	49	69	52	41	31	17	3	34	43	44	72	1	41	30	51	60	29	38	37	5	19	19	9	9	16	42	20
chr5	31526539	31526614	373	528	734	362	426	412	185	5	724	157	230	507	8	733	613	546	509	144	416	179	55	436	588	57	390	53	457	433
chr17	6445175	6445311	3175	6630	4322	1448	3899	4068	54	0	4598	32	432	6370	0	4010	5511	5144	3976	27	3863	49	7	4379	3277	11	3617	4	2817	3319
chr17	6445238	6445311	2681	5650	3625	1274	3317	3380	46	0	3913	29	386	5451	6	3592	4984	4275	3332	24	3289	45	6	3631	3080	15	2939	4	2498	2848
chr17	7236128	7236304	1283	1416	1840	3242	1984	1646	320	10	1900	188	326	2089	101	2300	1937	2217	1956	205	1480	260	310	1476	1593	196	1264	272	2178	1552
chr17	47619063	47619158	711	904	1312	1160	1056	676	696	44	1235	847	811	1304	135	1178	698	1286	1247	742	1039	742	753	775	724	397	569	685	1194	809
